<Root>
	<matrixlayout>column major</matrixlayout>
	<system />
	<node>
		<identifier>Scene Root</identifier>
		<transform>
			<row0>1.0 0.0 0.0</row0>
			<row1>0.0 1.0 0.0</row1>
			<row2>0.0 0.0 1.0</row2>
			<row3>0.0 0.0 0.0</row3>
		</transform>
		<node>
			<identifier>Root</identifier>
			<transform>
				<row0>0.9999999999998029 -3.844365631288024e-23 6.278329465202332e-07</row0>
				<row1>-2.993740780065249e-13 0.9999999999998863 4.768371582029769e-07</row1>
				<row2>-6.278329465201618e-07 -4.7683715820307084e-07 0.9999999999996892</row2>
				<row3>0.0 0.0 0.0</row3>
			</transform>
			<node>
				<identifier>Bone_C_pelvis_00</identifier>
				<transform>
					<row0>-1.619973533973936e-07 0.10631161480413016 -0.9943328620525985</row0>
					<row1>0.999999999999985 -4.346372857819191e-08 -1.675676817358706e-07</row1>
					<row2>-6.103180446695602e-08 -0.9943328620526106 -0.10631161480412153</row2>
					<row3>1.0342607659197256e-08 0.35078728199005127 0.050757668912410736</row3>
				</transform>
				<node>
					<identifier>Bone_C_head_00</identifier>
					<transform>
						<row0>0.9986769748589042 6.3504760408805e-14 -0.051421597382634764</row0>
						<row1>-6.378612206190372e-14 1.0 -3.830511302325732e-15</row1>
						<row2>0.051421597382634764 7.105427726836313e-15 0.9986769748589042</row2>
						<row3>-0.13294078409671783 4.201829106875721e-09 6.103515488575795e-07</row3>
					</transform>
					<node>
						<identifier>Bone_L_tooth_00</identifier>
						<transform>
							<row0>0.983874752610022 -0.07049132450590435 -0.1643816447681594</row0>
							<row1>-0.16218324844350496 0.03589101195680733 -0.9861077168266298</row1>
							<row2>0.0754118671373536 0.9968664944904937 0.023879749937818346</row2>
							<row3>-0.05828159302473068 0.05611014366149902 0.03564823046326637</row3>
						</transform>
					</node>
					<node>
						<identifier>Bone_R_tooth_01</identifier>
						<transform>
							<row0>0.9838747290413057 0.07049131536670569 -0.16438178975325382</row0>
							<row1>-0.16218339627551193 -0.03589098157387742 -0.9861076936188075</row1>
							<row2>-0.0754118566984301 0.9968664962306544 -0.023879710260266276</row2>
							<row3>-0.0582815557718277 -0.05504676327109337 0.03564823046326637</row3>
						</transform>
					</node>
				</node>
				<node>
					<identifier>Bone_C_spine_00</identifier>
					<transform>
						<row0>-0.9145279038098596 1.1920926036185211e-07 0.40452267420237886</row0>
						<row1>1.3753614539080302e-07 0.9999999999999905 1.6244781317747804e-08</row1>
						<row2>-0.40452267420237303 7.049279513934428e-08 -0.9145279038098673</row2>
						<row3>0.13479377329349518 -1.2409790528522535e-08 -0.02690563164651394</row3>
					</transform>
					<node>
						<identifier>Bone_C_spine_01</identifier>
						<transform>
							<row0>0.9819643265076249 1.1920928672958502e-07 -0.18906628855090057</row0>
							<row1>-1.229571690126065e-07 0.9999999999999925 -8.093811651421177e-09</row1>
							<row2>0.1890662885508982 3.119488990310668e-08 0.9819643265076321</row2>
							<row3>-0.3084641396999359 -3.105711243733822e-08 1.1444091541079615e-07</row3>
						</transform>
						<node>
							<identifier>Bone_C_spine_02</identifier>
							<transform>
								<row0>0.9595149372284574 7.152556198774038e-07 -0.2816575332308223</row0>
								<row1>4.1636936530328966e-07 0.9999999999920809 3.957885423824294e-06</row1>
								<row2>0.28165753323142273 -3.914923752342402e-06 0.9595149372205611</row2>
								<row3>-0.3072112202644348 7.196366880179994e-08 5.7220457705398076e-08</row3>
							</transform>
							<node>
								<identifier>Bone_C_spine_03</identifier>
								<transform>
									<row0>0.9999999999998419 4.768374992635628e-07 2.9802328072035875e-07</row0>
									<row1>-4.768374954475211e-07 0.9999999999998862 -1.2804579618829734e-08</row1>
									<row2>-2.980232868260285e-07 1.2804437510152946e-08 0.9999999999999555</row2>
									<row3>-0.1523858606815338 1.9530416395241446e-08 -1.4210854397564648e-16</row3>
								</transform>
							</node>
						</node>
						<node>
							<identifier>Bone_C_spine_04</identifier>
							<transform>
								<row0>0.999999999999929 -1.1920926112906335e-07 -3.576278686523209e-07</row0>
								<row1>1.1920928902109138e-07 0.9999999999999899 7.799174284172682e-08</row1>
								<row2>3.5762785935497925e-07 -7.799178547428524e-08 0.999999999999933</row2>
								<row3>-7.629394360719743e-08 9.493064112575667e-08 -5.7220457705398076e-08</row3>
							</transform>
						</node>
					</node>
					<node>
						<identifier>Bone_C_spine_05</identifier>
						<transform>
							<row0>0.9999999999999392 -1.192093037616287e-07 -3.278255462646308e-07</row0>
							<row1>1.1920924512056734e-07 0.9999999999999769 -1.7887887793220788e-07</row1>
							<row2>3.2782556758864973e-07 1.788788388523611e-07 0.9999999999999303</row2>
							<row3>-5.7220457705398076e-08 1.2409832272908261e-08 -1.907348590179936e-08</row3>
						</transform>
					</node>
				</node>
				<node>
					<identifier>Bone_R_leg_01</identifier>
					<transform>
						<row0>0.5614384966037903 0.5575083451711779 -0.6115318958122876</row0>
						<row1>-0.7447106653133206 0.662620461964435 -0.0796242999676865</row1>
						<row2>0.3608223571054148 0.5001185020670578 0.7872030935553384</row2>
						<row3>-0.07228567451238632 -0.054210834205150604 0.06527042388916016</row3>
					</transform>
					<node>
						<identifier>Bone_R_leg_02</identifier>
						<transform>
							<row0>-0.1588392154325714 2.4135714656943723e-07 0.9873044031257132</row0>
							<row1>-1.8096371780936903e-07 0.9999999999999462 -2.735744727491443e-07</row1>
							<row2>-0.9873044031257262 -2.2212063001304268e-07 -0.15883921543251917</row2>
							<row3>-0.15931028127670288 8.881783998477905e-18 3.552713599391162e-17</row3>
						</transform>
						<node>
							<identifier>Bone_R_leg_03</identifier>
							<transform>
								<row0>-0.4854742108393193 -1.3899852207659544e-07 -0.874250920160016</row0>
								<row1>2.0758787135094627e-07 0.9999999999999409 -2.742657451897392e-07</row1>
								<row2>0.8742509201600025 -3.1463283374887026e-07 -0.48547421083926173</row2>
								<row3>-0.23538249731063843 -4.7683716530855236e-08 3.814697180359872e-08</row3>
							</transform>
							<node>
								<identifier>Bone_R_leg_04</identifier>
								<transform>
									<row0>0.999999777065963 0.0005701749119966766 -3.9488073709870095e-05</row0>
									<row1>-0.0005701737988391973 0.9999997774487661 2.819523444095877e-05</row1>
									<row2>3.9504145846327684e-05 -2.8172716448734744e-05 0.9999999988228602</row2>
									<row3>-0.4159330129623413 -0.00016606331337243319 1.1863708095916081e-05</row3>
								</transform>
							</node>
						</node>
					</node>
				</node>
				<node>
					<identifier>Bone_L_leg_01</identifier>
					<transform>
						<row0>0.5614379971113288 -0.5575087403240823 -0.6115318966763618</row0>
						<row1>-0.7447109020018086 -0.6626202737832289 -0.07962365227622673</row1>
						<row2>-0.36082257222904734 0.5001182440427541 -0.787203083159816</row2>
						<row3>-0.07228563725948334 0.053894925862550735 0.06527028977870941</row3>
					</transform>
					<node>
						<identifier>Bone_L_leg_02</identifier>
						<transform>
							<row0>-0.15848690162448525 2.5813272753954574e-07 -0.9873610798554925</row0>
							<row1>-2.0775978372193937e-07 0.9999999999999349 2.947857049281212e-07</row1>
							<row2>0.9873610798555044 2.5185359742348513e-07 -0.1584869016244213</row2>
							<row3>-0.15931034088134766 -6.19888282926695e-08 1.907348590179936e-08</row3>
						</transform>
						<node>
							<identifier>Bone_L_leg_03</identifier>
							<transform>
								<row0>-0.4854744663229582 -2.2773165714890566e-07 0.8742519373143702</row0>
								<row1>3.1973847989303585e-07 0.9999999999998529 4.380390922715808e-07</row1>
								<row2>-0.8742511035635178 4.921883106422264e-07 -0.4854740033387257</row2>
								<row3>-0.23538246750831604 8.106231774718253e-08 4.7683716530855236e-08</row3>
							</transform>
							<node>
								<identifier>Bone_L_leg_04</identifier>
								<transform>
									<row0>0.9999999451214155 -2.6064697645271295e-05 -0.00033026928016583894</row0>
									<row1>2.6062990600391617e-05 0.9999999996469805 -5.17294850281944e-06</row1>
									<row2>0.0003302694148805861 5.164340413790788e-06 0.9999999454477201</row2>
									<row3>-0.41589057445526123 4.8208235057245474e-06 5.027771112509072e-05</row3>
								</transform>
							</node>
						</node>
					</node>
				</node>
				<node>
					<identifier>Bone_R_leg_00</identifier>
					<transform>
						<row0>-0.3803187412645743 0.7785094589069763 -0.4992801592646124</row0>
						<row1>-0.8696863789060705 -0.4847044633585483 -0.093312301148073</row1>
						<row2>-0.3146478307380756 0.39872873685335086 0.8614012636507765</row2>
						<row3>0.05930568650364876 -0.0710541233420372 0.05969177186489105</row3>
					</transform>
					<node>
						<identifier>Bone_R_leg_05</identifier>
						<transform>
							<row0>0.20583409242194747 1.6065312769401834e-08 0.9785869028332808</row0>
							<row1>4.607862262292746e-08 0.9999999999999987 -2.6108937451616767e-08</row1>
							<row2>-0.97858690283328 5.0466046043849074e-08 0.20583409242194645</row2>
							<row3>-0.18962758779525757 6.437301891537572e-08 1.907348590179936e-08</row3>
						</transform>
						<node>
							<identifier>Bone_R_leg_06</identifier>
							<transform>
								<row0>-0.5203693401896227 4.850735437926662e-07 -0.8539401168896364</row0>
								<row1>7.642173410750329e-08 0.9999999999998611 5.21472182453377e-07</row1>
								<row2>0.8539409821702022 2.0609875978937327e-07 -0.5203698674694262</row2>
								<row3>-0.27532511949539185 -4.2915345943583816e-08 -2.8610228852699038e-08</row3>
							</transform>
							<node>
								<identifier>Bone_R_leg_07</identifier>
								<transform>
									<row0>0.999999999999881 -2.529123150906952e-07 -4.17232570271117e-07</row0>
									<row1>2.529124877225694e-07 0.9999999999998824 4.137545488446644e-07</row1>
									<row2>4.172324656274471e-07 -4.137546543679425e-07 0.9999999999998274</row2>
									<row3>-0.4518553912639618 5.0067900048134106e-08 3.814697180359872e-08</row3>
								</transform>
							</node>
						</node>
					</node>
				</node>
				<node>
					<identifier>Bone_L_leg_00</identifier>
					<transform>
						<row0>-0.3805410622178193 -0.7783856511019465 -0.4993037934211321</row0>
						<row1>-0.8696624707167798 0.4848104560883115 -0.09298391632013286</row1>
						<row2>0.31444504606197865 0.39884157233924616 -0.8614230744419596</row2>
						<row3>0.05930563807487488 0.07073822617530823 0.05969185009598732</row3>
					</transform>
					<node>
						<identifier>Bone_L_leg_05</identifier>
						<transform>
							<row0>0.20528754336280536 5.455262396043709e-09 -0.9787017035542874</row0>
							<row1>-1.1671148496798866e-08 1.0 3.125897279838212e-09</row1>
							<row2>0.9787017035542874 1.0780865142869648e-08 0.20528754336280539</row2>
							<row3>-0.18962757289409637 8.82148754044465e-08 -3.814697180359872e-08</row3>
						</transform>
						<node>
							<identifier>Bone_L_leg_06</identifier>
							<transform>
								<row0>-0.5203703637330044 2.5133815295535395e-07 0.8539417965516501</row0>
								<row1>1.2589525153086807e-07 0.9999999999999684 -2.1760967301795552e-07</row1>
								<row2>-0.8539409821700954 -5.7304019656450466e-09 -0.520369867469642</row2>
								<row3>-0.2753252387046814 8.106231774718253e-08 -6.67572024326546e-08</row3>
							</transform>
							<node>
								<identifier>Bone_L_leg_07</identifier>
								<transform>
									<row0>0.9999999897164802 -0.000143411756997434 -3.278255462646308e-07</row0>
									<row1>0.00014341154895849853 0.9999997822330415 -0.0005438361069682438</row1>
									<row2>4.058179906826562e-07 0.0005438360867768819 0.9999998521210621</row2>
									<row3>-0.4518547058105469 0.00017198800924234092 7.629394360719743e-08</row3>
								</transform>
							</node>
						</node>
					</node>
				</node>
				<node>
					<identifier>Bone_L_wing_01</identifier>
					<transform>
						<row0>-0.7048645600826512 -0.506879784684635 0.4962225400570325</row0>
						<row1>-0.11938469483183534 0.7743472775386686 0.6213964824557358</row1>
						<row2>-0.6992225966849853 0.3787593655185785 -0.606324255920106</row2>
						<row3>-0.05977652594447136 0.032364509999752045 -0.032646484673023224</row3>
					</transform>
					<node>
						<identifier>Bone_L_wing_02</identifier>
						<transform>
							<row0>0.9984826781983246 -1.4007090021111843e-06 0.05506669897441476</row0>
							<row1>0.0016735139216888311 0.9995388087931205 -0.030319133534739966</row1>
							<row2>-0.05504126350948757 0.030365286349687038 0.9980222485977858</row2>
							<row3>-0.2043009251356125 9.536743306171047e-08 5.7220457705398076e-08</row3>
						</transform>
						<node>
							<identifier>Bone_L_wing_03</identifier>
							<transform>
								<row0>0.99999898672101 1.1920928244523525e-07 -2.086162442791632e-07</row0>
								<row1>-1.1920920428540817e-07 0.9999999999995381 9.536743164057956e-07</row1>
								<row2>2.0861656935267847e-07 -9.536742915367664e-07 0.9999999999995235</row2>
								<row3>-0.27773013710975647 5.7220457705398076e-08 -9.536743306171047e-08</row3>
							</transform>
						</node>
					</node>
				</node>
				<node>
					<identifier>Bone_R_wing_00</identifier>
					<transform>
						<row0>-0.5662891981185905 0.2555186204983902 0.7835986081360811</row0>
						<row1>-0.0765671285843128 -0.9629286210183632 0.258661836466122</row1>
						<row2>0.8206424427937888 0.08647950856863834 0.5648604037133155</row2>
						<row3>-0.05742558091878891 -0.027080513536930084 -0.03059917502105236</row3>
					</transform>
					<node>
						<identifier>Bone_R_wing_02</identifier>
						<transform>
							<row0>0.9999999999999692 -1.3411046495547952e-07 2.086162851355721e-07</row0>
							<row1>1.341105271279684e-07 0.9999999999999466 -2.9802319545522405e-07</row1>
							<row2>-2.0861624516753164e-07 2.980232234328548e-07 0.9999999999999338</row2>
							<row3>-0.567333459854126 6.67572024326546e-08 -1.1444091541079615e-07</row3>
						</transform>
					</node>
				</node>
				<node>
					<identifier>Bone_R_wing_01</identifier>
					<transform>
						<row0>-0.7048650577917824 0.5068805692067451 0.4962229535758571</row0>
						<row1>-0.11938537869550875 -0.7743473892655666 0.6213962118417935</row1>
						<row2>0.6992226558333148 0.37875873411718275 0.606324582133493</row2>
						<row3>-0.059776607900857925 -0.031301096081733704 -0.03264644742012024</row3>
					</transform>
					<node>
						<identifier>Bone_R_wing_03</identifier>
						<transform>
							<row0>0.9984825854583299 2.0861628524109254e-07 -0.0550683805500511</row0>
							<row1>-1.5414126299809926e-07 0.9999999999994945 9.934724408157985e-07</row1>
							<row2>0.055068380550230514 -9.834766215581113e-07 0.9984825854578575</row2>
							<row3>-0.19749020040035248 -3.814697180359872e-08 -3.552713599391162e-17</row3>
						</transform>
						<node>
							<identifier>Bone_R_wing_04</identifier>
							<transform>
								<row0>0.999999999999992 -8.940696716308522e-08 8.940696716308558e-08</row0>
								<row1>8.94069218659747e-08 0.9999999999998677 5.066394805907533e-07</row1>
								<row2>-8.940701246017315e-08 -5.066394725971475e-07 0.9999999999998677</row2>
								<row3>-0.28657597303390503 2.0980834847250662e-07 -2.288818308215923e-07</row3>
							</transform>
						</node>
					</node>
				</node>
				<node>
					<identifier>Bone_L_wing_00</identifier>
					<transform>
						<row0>-0.5662891359931111 -0.25551790410520125 0.7835988866364352</row0>
						<row1>-0.0765650097556253 0.962928636372165 0.258662406498439</row1>
						<row2>-0.820642683350858 0.08648145429008414 -0.5648597563347698</row2>
						<row3>-0.057425618171691895 0.028143925592303276 -0.03059917502105236</row3>
					</transform>
					<node>
						<identifier>Bone_L_wing_04</identifier>
						<transform>
							<row0>0.9999999999999466 1.3411046495547647e-07 -2.980232522986493e-07</row0>
							<row1>-1.3411052712796212e-07 0.9999999999999692 -2.0861621408128925e-07</row1>
							<row2>2.9802322432102264e-07 2.0861625404933357e-07 0.9999999999999338</row2>
							<row3>-0.5679107904434204 1.76429750808893e-07 -3.552713599391162e-17</row3>
						</transform>
					</node>
				</node>
			</node>
			<node>
				<identifier>Point003</identifier>
				<transform>
					<row0>0.9999999999999544 -7.573064690121367e-29 -3.019915482127406e-07</row0>
					<row1>-9.089602277644543e-14 0.9999999999999547 -3.0098863135205644e-07</row1>
					<row2>3.0199154821272695e-07 3.0098863135207015e-07 0.9999999999999091</row2>
					<row3>-0.5030226707458496 -0.00037620560033246875 -0.25400111079216003</row3>
				</transform>
				<node>
					<identifier>IK Chain003</identifier>
					<transform>
						<row0>1.0 1.3552527156068805e-20 -2.5375269401685778e-20</row0>
						<row1>-1.3552527156068805e-20 1.0 3.43899662622275e-40</row1>
						<row2>2.5375269401685778e-20 -6.349633666471827e-46 1.0</row2>
						<row3>0.13279303908348083 0.425582617521286 0.07360794395208359</row3>
					</transform>
					<node>
						<identifier>IK Chain004</identifier>
						<transform>
							<row0>1.0 1.3552527156068805e-20 -2.5375271017272912e-20</row0>
							<row1>-1.3552527156068805e-20 1.0 2.6469779601696886e-23</row1>
							<row2>2.5375271017272912e-20 -2.6469779601696886e-23 1.0</row2>
							<row3>-0.13286881148815155 -0.425582617521286 -0.07347221672534943</row3>
						</transform>
					</node>
				</node>
			</node>
			<node>
				<identifier>Point004</identifier>
				<transform>
					<row0>0.9999999999999544 -7.573064690121367e-29 -3.019915482127406e-07</row0>
					<row1>-9.089602277644543e-14 0.9999999999999547 -3.0098863135205644e-07</row1>
					<row2>3.0199154821272695e-07 3.0098863135207015e-07 0.9999999999999091</row2>
					<row3>0.5027065277099609 -0.0003763575805351138 -0.2540022134780884</row3>
				</transform>
				<node>
					<identifier>IK Chain007</identifier>
					<transform>
						<row0>1.0 1.3552527156068805e-20 -2.5375269401685778e-20</row0>
						<row1>-1.3552527156068805e-20 1.0 3.43899662622275e-40</row1>
						<row2>2.5375269401685778e-20 -6.349633666471827e-46 1.0</row2>
						<row3>-0.13289779424667358 0.4256795644760132 0.07366668432950974</row3>
					</transform>
					<node>
						<identifier>IK Chain008</identifier>
						<transform>
							<row0>1.0 1.3552527156068805e-20 -2.5375271017272912e-20</row0>
							<row1>-1.3552527156068805e-20 1.0 2.6469779601696886e-23</row1>
							<row2>2.5375271017272912e-20 -2.6469779601696886e-23 1.0</row2>
							<row3>0.13307681679725647 -0.4254979193210602 -0.0735878199338913</row3>
						</transform>
					</node>
				</node>
			</node>
			<node>
				<identifier>Point005</identifier>
				<transform>
					<row0>0.9999999999999544 -7.573064690121367e-29 -3.019915482127406e-07</row0>
					<row1>-9.089602277644543e-14 0.9999999999999547 -3.0098863135205644e-07</row1>
					<row2>3.0199154821272695e-07 3.0098863135207015e-07 0.9999999999999091</row2>
					<row3>0.38526082038879395 0.0031132707372307777 0.40886253118515015</row3>
				</transform>
				<node>
					<identifier>IK Chain005</identifier>
					<transform>
						<row0>1.0 1.3552527156068805e-20 -2.5375269401685778e-20</row0>
						<row1>-1.3552527156068805e-20 1.0 3.43899662622275e-40</row1>
						<row2>2.5375269401685778e-20 -6.349633666471827e-46 1.0</row2>
						<row3>-0.14711540937423706 0.36661896109580994 -0.13015687465667725</row3>
					</transform>
					<node>
						<identifier>IK Chain006</identifier>
						<transform>
							<row0>1.0 1.3552527156068805e-20 -2.5375271017272912e-20</row0>
							<row1>-1.3552527156068805e-20 1.0 2.6469779601696886e-23</row1>
							<row2>2.5375271017272912e-20 -2.6469779601696886e-23 1.0</row2>
							<row3>0.14711540937423706 -0.3666190207004547 0.13015684485435486</row3>
						</transform>
					</node>
				</node>
			</node>
			<node>
				<identifier>Point002</identifier>
				<transform>
					<row0>0.9999999999999544 -7.573064690121367e-29 -3.019915482127406e-07</row0>
					<row1>-9.089602277644543e-14 0.9999999999999547 -3.0098863135205644e-07</row1>
					<row2>3.0199154821272695e-07 3.0098863135207015e-07 0.9999999999999091</row2>
					<row3>-0.38557612895965576 0.003112916136160493 0.4088623821735382</row3>
				</transform>
				<node>
					<identifier>IK Chain001</identifier>
					<transform>
						<row0>1.0 1.3552527156068805e-20 -2.5375269401685778e-20</row0>
						<row1>-1.3552527156068805e-20 1.0 3.43899662622275e-40</row1>
						<row2>2.5375269401685778e-20 -6.349633666471827e-46 1.0</row2>
						<row3>0.1471680849790573 0.3666647970676422 -0.13020330667495728</row3>
					</transform>
					<node>
						<identifier>IK Chain002</identifier>
						<transform>
							<row0>1.0 1.3552527156068805e-20 -2.5375271017272912e-20</row0>
							<row1>-1.3552527156068805e-20 1.0 2.6469779601696886e-23</row1>
							<row2>2.5375271017272912e-20 -2.6469779601696886e-23 1.0</row2>
							<row3>-0.14721325039863586 -0.36654892563819885 0.13024365901947021</row3>
						</transform>
					</node>
				</node>
			</node>
		</node>
	</node>
	<anim>
		<name>ability1</name>
		<res>/ability1.anim</res>
		<durationMS>2000</durationMS>
		<_ModifyTime>1723175188</_ModifyTime>
		<motion>
			<trans />
		</motion>
	</anim>
	<anim>
		<name>attack1</name>
		<res>/attack1.anim</res>
		<durationMS>1000</durationMS>
		<_ModifyTime>1723175189</_ModifyTime>
		<motion>
			<trans />
		</motion>
	</anim>
	<anim>
		<name>die</name>
		<res>/die.anim</res>
		<durationMS>1900</durationMS>
		<_ModifyTime>1723175190</_ModifyTime>
		<motion>
			<trans />
		</motion>
	</anim>
	<anim>
		<name>idle1</name>
		<res>/idle1.anim</res>
		<durationMS>1000</durationMS>
		<_ModifyTime>1723175191</_ModifyTime>
		<motion>
			<trans />
		</motion>
	</anim>
	<anim>
		<name>walk</name>
		<res>/walk.anim</res>
		<durationMS>400</durationMS>
		<_ModifyTime>1723175191</_ModifyTime>
		<motion>
			<trans />
		</motion>
	</anim>
</Root>