<Root>
	<matrixlayout>column major</matrixlayout>
	<system />
	<node>
		<identifier>Scene Root</identifier>
		<transform>
			<row0>1.0 0.0 0.0</row0>
			<row1>0.0 1.0 0.0</row1>
			<row2>0.0 0.0 1.0</row2>
			<row3>0.0 0.0 0.0</row3>
		</transform>
		<node>
			<identifier>Root</identifier>
			<transform>
				<row0>0.9999999999999242 -2.3844753431707156e-23 3.894143674187649e-07</row0>
				<row1>-5.388327630934839e-31 1.0 6.123234262925375e-17</row1>
				<row2>-3.894143674187649e-07 -6.123234262924911e-17 0.9999999999999242</row2>
				<row3>0.0 0.0 0.0</row3>
			</transform>
			<node>
				<identifier>IK Chain01</identifier>
				<transform>
					<row0>1.0 -5.877471754111438e-39 1.4600703232170642e-39</row0>
					<row1>5.877471754111438e-39 1.0 3.697785493223493e-32</row1>
					<row2>-1.4600703232170642e-39 -3.697785493223493e-32 1.0</row2>
					<row3>-0.0003558001189958304 -0.002788543701171875 0.19558803737163544</row3>
				</transform>
			</node>
			<node>
				<identifier>IK Chain02</identifier>
				<transform>
					<row0>1.0 -5.877471754111438e-39 1.4600703232170642e-39</row0>
					<row1>5.877471754111438e-39 1.0 3.697785493223493e-32</row1>
					<row2>-1.4600703232170642e-39 -3.697785493223493e-32 1.0</row2>
					<row3>-0.2176104336977005 -0.0033262635115534067 -0.16857431828975677</row3>
				</transform>
			</node>
			<node>
				<identifier>IK Chain03</identifier>
				<transform>
					<row0>1.0 -5.877471754111438e-39 1.4600703232170642e-39</row0>
					<row1>5.877471754111438e-39 1.0 3.697785493223493e-32</row1>
					<row2>-1.4600703232170642e-39 -3.697785493223493e-32 1.0</row2>
					<row3>0.21759754419326782 -0.003343658521771431 -0.16856615245342255</row3>
				</transform>
			</node>
			<node>
				<identifier>IK Chain04</identifier>
				<transform>
					<row0>1.0 -5.877471754111438e-39 1.4600703232170642e-39</row0>
					<row1>5.877471754111438e-39 1.0 3.697785493223493e-32</row1>
					<row2>-1.4600703232170642e-39 -3.697785493223493e-32 1.0</row2>
					<row3>2.2480411644210108e-05 0.5477864146232605 -0.06248689815402031</row3>
				</transform>
			</node>
			<node>
				<identifier>Bip01</identifier>
				<transform>
					<row0>-1.495210715307936e-08 -0.9396765553272534 -0.3420642795854416</row0>
					<row1>0.9999999999996539 2.704885744273662e-07 -7.867640530970398e-07</row1>
					<row2>8.318282146171247e-07 -0.342064279585335 0.9396765553269241</row2>
					<row3>1.0696760144313089e-09 0.16834218800067902 -0.024471348151564598</row3>
				</transform>
				<node>
					<identifier>Bone02</identifier>
					<transform>
						<row0>0.8565561021771927 2.384186032485951e-07 -0.5160539156163413</row0>
						<row1>3.330433431239356e-07 0.9999999999994297 1.01479495696743e-06</row1>
						<row2>0.5160539156162889 -1.0410971341381573e-06 0.8565561021766248</row2>
						<row3>-0.08348263800144196 4.490448013427795e-09 1.907348590179936e-08</row3>
					</transform>
					<node>
						<identifier>Bone03</identifier>
						<transform>
							<row0>0.9994940960839277 2.3841852708101456e-07 0.03180302947880044</row0>
							<row1>-2.2871183274359417e-07 0.9999999999999262 -3.0885109721347006e-07</row1>
							<row2>-0.03180302947887173 3.0142111907501153e-07 0.9994940960839084</row2>
							<row3>-0.0516185462474823 -1.0259063820683423e-08 1.907348590179936e-08</row3>
						</transform>
						<node>
							<identifier>Bone04</identifier>
							<transform>
								<row0>0.9961977753001743 -1.1920930557993983e-07 0.08712056293992447</row0>
								<row1>1.111397217664437e-07 0.9999999999999891 9.747597722231079e-08</row1>
								<row2>-0.08712056293993514 -8.742279652879731e-08 0.9961977753001766</row2>
								<row3>-0.0539325512945652 -7.355538162064079e-13 7.629394360719743e-08</row3>
							</transform>
							<node>
								<identifier>Bone05</identifier>
								<transform>
									<row0>0.7905768490169938 1.1920925007409066e-07 0.612362838355127</row0>
									<row1>-9.424422491127587e-08 0.999999999999993 -7.299911899578811e-08</row1>
									<row2>-0.6123628383551314 -2.475885411194323e-13 0.7905768490169994</row2>
									<row3>-0.06019817292690277 -5.499873445558023e-09 -1.907348590179936e-08</row3>
								</transform>
								<node>
									<identifier>Bone06</identifier>
									<transform>
										<row0>0.9901570897838048 -3.552713116176422e-15 0.13996005980843307</row0>
										<row1>2.635654281823152e-13 1.0 -1.8392280238575385e-12</row1>
										<row2>-0.13996005980843307 1.858013300643431e-12 0.9901570897838048</row2>
										<row3>-0.08764225244522095 -3.4106050554155156e-15 9.53674295089968e-09</row3>
									</transform>
									<node>
										<identifier>Bip01 Spine</identifier>
										<transform>
											<row0>0.43793675772106977 1.1920929082647176e-07 0.8990057820930535</row0>
											<row1>-5.2206672795237664e-08 0.9999999999999928 -1.0716957747124618e-07</row1>
											<row2>-0.8990057820930598 -6.034226641635808e-13 0.43793675772107293</row2>
											<row3>-0.047701798379421234 -5.684341970784096e-15 -1.907348590179936e-08</row3>
										</transform>
										<node>
											<identifier>Bip01 head</identifier>
											<transform>
												<row0>0.8430113778807192 -3.996802035163915e-15 0.5378957303824331</row0>
												<row1>1.0226140609983364e-08 0.9999999999999998 -1.6026802969960068e-08</row1>
												<row2>-0.537895730382433 1.90113746271293e-08 0.843011377880719</row2>
												<row3>-0.13419610261917114 2.842170985392048e-15 3.814697180359872e-08</row3>
											</transform>
											<node>
												<identifier>Bone15</identifier>
												<transform>
													<row0>-0.4642459708938767 -0.6547722758307051 -0.5964469341963967</row0>
													<row1>-0.21632239994139307 -0.5691974385724478 0.7932331909383018</row1>
													<row2>-0.8588831688841024 0.4972801451154505 0.1226057073775878</row2>
													<row3>0.0004773902765009552 0.012580404058098793 0.03807308152318001</row3>
												</transform>
												<node>
													<identifier>Bone16</identifier>
													<transform>
														<row0>0.9953655432452096 0.032143581115766255 0.09063236460129893</row0>
														<row1>-0.038854973640724405 0.9965537793129414 0.07328612392855743</row1>
														<row2>-0.08796434175925155 -0.07646799613621633 0.993184172717471</row2>
														<row3>-0.12172302603721619 -3.814697180359872e-08 -5.21540644005114e-10</row3>
													</transform>
													<node>
														<identifier>Bone17</identifier>
														<transform>
															<row0>0.9495370121785683 -0.3134352476926066 0.01173916551001729</row0>
															<row1>0.3132015129814567 0.9495117026769773 0.018230160328254218</row1>
															<row2>-0.016860449849385655 -0.013633487570749631 0.9997648989875242</row2>
															<row3>-0.14190548658370972 1.1444091541079615e-07 -2.5033950024067053e-08</row3>
														</transform>
														<node>
															<identifier>Bone18</identifier>
															<transform>
																<row0>0.9160782120543415 -0.013588991048447728 0.4007693210833459</row0>
																<row1>-0.2042848509700404 0.8441975848697689 0.4955785884844072</row1>
																<row2>-0.34506290595117456 -0.5358598483020857 0.770574989156926</row2>
																<row3>-0.1752055287361145 5.7220457705398076e-08 -8.34465012644614e-08</row3>
															</transform>
															<node>
																<identifier>Bone19</identifier>
																<transform>
																	<row0>0.991797583189439 0.008238524337880958 -0.12755265852314465</row0>
																	<row1>-0.02775417891018446 0.9879920357482996 -0.15199158809273686</row1>
																	<row2>0.1247688243617342 0.15428500904062215 0.9801167667440068</row2>
																	<row3>-0.13856658339500427 -1.1444091541079615e-07 5.7220457705398076e-08</row3>
																</transform>
																<node>
																	<identifier>Bone20</identifier>
																	<transform>
																		<row0>0.17348003651446556 -0.9848373182394311 0.00011968550040369587</row0>
																		<row1>-0.984837340460483 -0.17348000164138266 0.000319163325559995</row1>
																		<row2>-0.0002935606328568816 -0.00017323905006768405 -0.9999989286261713</row2>
																		<row3>0.4427272081375122 0.7959244251251221 -0.2674626410007477</row3>
																	</transform>
																</node>
															</node>
														</node>
													</node>
												</node>
											</node>
											<node>
												<identifier>Bone21</identifier>
												<transform>
													<row0>-0.467227378795849 0.6491269001712072 -0.600277305899265</row0>
													<row1>-0.22260920517375948 0.5706989359849602 0.7904099355635285</row1>
													<row2>0.8556539201085548 0.5029283863407548 -0.12214453735743208</row2>
													<row3>0.00047740936861373484 -0.012580003589391708 0.03807319700717926</row3>
												</transform>
												<node>
													<identifier>Bone22</identifier>
													<transform>
														<row0>0.9958057418218028 0.04267150914987811 -0.08093248335248843</row0>
														<row1>-0.047984252770043055 0.9967388776869127 -0.06487682162566245</row1>
														<row2>0.0779001607375596 0.06848819622447669 0.9946058579787744</row2>
														<row3>-0.12094642966985703 -7.105427198782324e-17 8.27014456916686e-09</row3>
													</transform>
													<node>
														<identifier>Bone23</identifier>
														<transform>
															<row0>0.948122978608751 -0.3175362234569554 -0.01521636191303928</row0>
															<row1>0.3171435813773713 0.9480830100824508 -0.023631241500357714</row1>
															<row2>0.021930172915162777 0.017579570427738233 0.9996049350715948</row2>
															<row3>-0.14265510439872742 -1.1444091541079615e-07 -3.8743017682918435e-08</row3>
														</transform>
														<node>
															<identifier>Bone24</identifier>
															<transform>
																<row0>0.916085774228766 -0.013557287783907284 -0.40075310878847425</row0>
																<row1>-0.20429555393142318 0.8442056446205196 -0.4955604466003171</row1>
																<row2>0.3450364921273333 0.5358479537506858 0.7705950879428622</row2>
																<row3>-0.17520271241664886 1.335144048653092e-07 4.5299529460862686e-08</row3>
															</transform>
															<node>
																<identifier>Bone25</identifier>
																<transform>
																	<row0>0.9917956327922868 0.008241146127072609 0.127575129371685</row0>
																	<row1>-0.027763458208256292 0.987987943579486 0.15201649163790373</row1>
																	<row2>-0.12478978058969638 -0.15431107212909553 0.9801099957039233</row2>
																	<row3>-0.13856682181358337 -1.1444091541079615e-07 -1.907348590179936e-08</row3>
																</transform>
																<node>
																	<identifier>Bone26</identifier>
																	<transform>
																		<row0>0.17340232332572908 -0.9848510566571153 0.00017454684966290422</row0>
																		<row1>-0.984851043064325 -0.17340227243085218 0.00027366206821547405</row1>
																		<row2>-0.00023924955667178728 -0.00021935628538879049 -0.9999999473212334</row2>
																		<row3>0.4428793787956238 0.7960099577903748 0.2672632336616516</row3>
																	</transform>
																</node>
															</node>
														</node>
													</node>
												</node>
											</node>
											<node>
												<identifier>Bone46</identifier>
												<transform>
													<row0>-0.6812477158835887 -0.5265036261658006 -0.5086211568915082</row0>
													<row1>-0.3340429623282491 -0.39466110795876364 0.8559543849900701</row1>
													<row2>-0.6513960768398603 0.7530182876258876 0.09298714738400504</row2>
													<row3>-0.15329641103744507 0.01999538019299507 0.08080115914344788</row3>
												</transform>
												<node>
													<identifier>Bone47</identifier>
													<transform>
														<row0>0.9245474724926827 -0.38099347681130646 -0.007479420741253499</row0>
														<row1>0.3808870960575768 0.9245360995231574 -0.012570629870162534</row1>
														<row2>0.011704322458752399 0.008773329227770937 0.9998930130419167</row2>
														<row3>-0.08967798203229904 1.1444091541079615e-07 3.814697180359872e-08</row3>
													</transform>
													<node>
														<identifier>Bone48</identifier>
														<transform>
															<row0>0.9645070819467353 -0.2506311122282659 0.0831386901951081</row0>
															<row1>0.21962157023880924 0.9361981972613875 0.27440696441796414</row1>
															<row2>-0.1466092233171804 -0.2464084255154714 0.9580138468847211</row2>
															<row3>-0.08867469429969788 1.9073486612342094e-07 9.53674295089968e-09</row3>
														</transform>
														<node>
															<identifier>Bone49</identifier>
															<transform>
																<row0>0.9472862157363978 0.14241895487555842 0.28699419291680495</row0>
																<row1>-0.26027829387125745 0.8644285720843932 0.4301377145794177</row1>
																<row2>-0.18682621661662463 -0.48216188677278393 0.8559298334141807</row2>
																<row3>-0.07494186609983444 5.7220457705398076e-08 5.531310875994677e-07</row3>
															</transform>
															<node>
																<identifier>Bone50</identifier>
																<transform>
																	<row0>0.49810041365748725 -0.8619600758592737 -0.0944601126849702</row0>
																	<row1>-0.8661815282792618 -0.49966583867169856 -0.00797557097081133</row1>
																	<row2>-0.04032382680744947 0.08579215303522565 -0.9954966480405131</row2>
																	<row3>-0.10133079439401627 0.06942432373762131 -0.19989654421806335</row3>
																</transform>
															</node>
														</node>
													</node>
												</node>
											</node>
											<node>
												<identifier>Bone52</identifier>
												<transform>
													<row0>-0.6513544914610806 0.5824490783366962 -0.48630278386845605</row0>
													<row1>-0.2834557884256718 0.4077231784176358 0.8679946000920752</row1>
													<row2>0.7038395295849422 0.7032174784339396 -0.10047375482867761</row2>
													<row3>-0.15329638123512268 -0.012579998932778835 0.08080120384693146</row3>
												</transform>
												<node>
													<identifier>Bone53</identifier>
													<transform>
														<row0>0.9130248064876044 -0.4071771405240491 -0.02433844209568994</row0>
														<row1>0.4060627404602103 0.91294709007135 -0.040505080424538785</row1>
														<row2>0.038712455019532646 0.02709921033571018 0.9988828653178218</row2>
														<row3>-0.09379373490810394 3.814697180359872e-08 -6.67572024326546e-08</row3>
													</transform>
													<node>
														<identifier>Bone54</identifier>
														<transform>
															<row0>0.9629401659786112 -0.25559118642738904 -0.08613583554900017</row0>
															<row1>0.22212120706829852 0.9326512599265828 -0.2842952632878002</row1>
															<row2>0.1529980500696248 0.254626717076371 0.9548595249650684</row2>
															<row3>-0.08890441805124283 5.722046125811175e-07 2.47955313170678e-07</row3>
														</transform>
														<node>
															<identifier>Bone55</identifier>
															<transform>
																<row0>0.9585673553955776 0.1693786635623028 -0.22904037526116833</row0>
																<row1>-0.2543287580892204 0.8710318502147409 -0.42026229752415334</row1>
																<row2>0.12831798788900153 0.4611012458188814 0.8780205099421697</row2>
																<row3>-0.07494247704744339 1.9073486612342094e-07 5.7220457705398076e-08</row3>
															</transform>
															<node>
																<identifier>Bone56</identifier>
																<transform>
																	<row0>0.5107704394413229 -0.8596781481119754 0.008187786738932097</row0>
																	<row1>-0.8584874123541677 -0.5095075102258274 0.05832101373979781</row1>
																	<row2>-0.04596556499199029 -0.036817763861463286 -0.998264303227962</row2>
																	<row3>-0.08837944269180298 0.07060554623603821 0.2151571661233902</row3>
																</transform>
															</node>
														</node>
													</node>
												</node>
											</node>
											<node>
												<identifier>Bone85</identifier>
												<transform>
													<row0>0.5072966760034693 -0.3097796705168811 0.8041682897567423</row0>
													<row1>-0.6015033864500678 0.540963113998721 0.5878372099330793</row1>
													<row2>-0.6171253994164652 -0.7819178121946444 0.08809526870274678</row2>
													<row3>-0.15440264344215393 0.01977797970175743 -0.07992782443761826</row3>
												</transform>
												<node>
													<identifier>Bone86</identifier>
													<transform>
														<row0>0.9915923696926543 0.09880219328257062 0.08356183196037381</row0>
														<row1>-0.08220047850075965 0.9796851029820068 -0.18292645428948537</row1>
														<row2>-0.09993772153463075 0.17451948728209027 0.9795689261935461</row2>
														<row3>-0.0689324215054512 4.3869019350495364e-07 6.67572024326546e-08</row3>
													</transform>
													<node>
														<identifier>Bone87</identifier>
														<transform>
															<row0>0.9598746161606158 0.25253018373418007 0.12193944215753927</row0>
															<row1>-0.13997856018628121 0.8082471682200183 -0.5719637381447333</row1>
															<row2>-0.24299531670113783 0.5319445660663362 0.8111647518807822</row2>
															<row3>-0.06510274857282639 -3.814697180359872e-08 -9.53674295089968e-09</row3>
														</transform>
														<node>
															<identifier>Bone88</identifier>
															<transform>
																<row0>0.9130113535983005 0.40793412097629855 0.0001454094002017557</row0>
																<row1>0.40793373338266015 -0.9130103800380747 -0.00029758077836604407</row1>
																<row2>1.1366950015009869e-05 0.00033101236416191774 -0.9999999451508021</row2>
																<row3>-0.022154217585921288 -0.16444289684295654 -0.28591957688331604</row3>
															</transform>
														</node>
													</node>
												</node>
											</node>
											<node>
												<identifier>Bone81</identifier>
												<transform>
													<row0>0.498894352332376 6.439293622222453e-15 0.8666639098061032</row0>
													<row1>-0.8666639098060219 4.33126155865159e-07 0.4988943523323292</row1>
													<row2>-3.7537408849926325e-07 -0.9999999999999062 2.1608378644195245e-07</row2>
													<row3>-0.1590801477432251 1.3926637891948507e-14 -0.07596877962350845</row3>
												</transform>
												<node>
													<identifier>Bone82</identifier>
													<transform>
														<row0>0.9911443728452307 0.1327886748831908 -1.8578234062260893e-08</row0>
														<row1>-0.13278867488316673 0.9911443728451182 4.79326160984728e-07</row1>
														<row2>8.206279790221842e-08 -4.726144481347235e-07 0.9999999999998849</row2>
														<row3>-0.06648523360490799 3.552713599391162e-17 4.023076982662133e-09</row3>
													</transform>
													<node>
														<identifier>Bone83</identifier>
														<transform>
															<row0>0.9687109028696875 0.2481918343970915 -4.028754219120852e-08</row0>
															<row1>0.24819183439708867 -0.9687109028696149 3.7909231321886274e-07</row1>
															<row2>5.5060635253183004e-08 -3.772298960089891e-07 -0.9999999999999274</row2>
															<row3>-0.07055620104074478 0.0 -3.592504169581262e-13</row3>
														</transform>
														<node>
															<identifier>Bone84</identifier>
															<transform>
																<row0>0.9999765661753499 0.006845420629141786 8.553692865092915e-05</row0>
																<row1>0.0068454478139629545 -0.9999765179109514 -0.0003216689524282242</row1>
																<row2>8.333296078244703e-05 0.0003222469530756442 -0.9999999446062579</row2>
																<row3>-0.07224151492118835 0.3009568452835083 5.779226921731606e-05</row3>
															</transform>
														</node>
													</node>
												</node>
											</node>
											<node>
												<identifier>Bone89</identifier>
												<transform>
													<row0>0.5073051585547975 0.3097304782952855 0.8041818867138611</row0>
													<row1>-0.6015641328129894 -0.5409141631276497 0.5878199920312207</row1>
													<row2>0.6170591763171965 -0.7819711401731277 -0.08808580395887514</row2>
													<row3>-0.15440265834331512 -0.019780011847615242 -0.07992782443761826</row3>
												</transform>
												<node>
													<identifier>Bone90</identifier>
													<transform>
														<row0>0.9915981473425459 0.09873951115963846 -0.08356736153248054</row0>
														<row1>-0.08213792180273882 0.9796901856350855 0.18292211996425972</row1>
														<row2>0.09993177059474359 -0.1745211962599887 0.9795692896787762</row2>
														<row3>-0.06892898678779602 -3.356933575560106e-06 -5.7220457705398076e-08</row3>
													</transform>
													<node>
														<identifier>Bone91</identifier>
														<transform>
															<row0>0.9598742634076737 0.25249454143946337 -0.12201600301129013</row0>
															<row1>-0.13988231974837817 0.8082072586138168 0.5720436729356871</row1>
															<row2>0.2430521241820127 -0.5320221176485185 0.8110968692230278</row2>
															<row3>-0.06510383635759354 -3.814697180359872e-08 -9.53674295089968e-09</row3>
														</transform>
														<node>
															<identifier>Bone92</identifier>
															<transform>
																<row0>0.9129978984452813 0.407961775550286 -2.3821464722242955e-05</row0>
																<row1>0.40796215885868936 -0.9129987758346748 -0.0003350578200979522</row1>
																<row2>-0.00015843991187299494 0.0002961891295540387 -0.9999999435843953</row2>
																<row3>-0.022128142416477203 -0.16454929113388062 0.28586849570274353</row3>
															</transform>
														</node>
													</node>
												</node>
											</node>
											<node>
												<identifier>Bone27</identifier>
												<transform>
													<row0>-0.3733572592999702 -0.9166398204068176 0.14274339691658533</row0>
													<row1>0.17506558302597086 0.081487599038674 0.9811787266514715</row1>
													<row2>-0.9110193627791374 0.39131967959480807 0.13004810569179767</row2>
													<row3>-0.019441356882452965 0.04009103775024414 0.002726593054831028</row3>
												</transform>
												<node>
													<identifier>Bone32</identifier>
													<transform>
														<row0>0.7143283287640583 0.3938201892767574 -0.5784830201420859</row0>
														<row1>-0.2660523257538548 0.9173848379479709 0.29600861449433163</row1>
														<row2>0.6472651415763128 -0.05754053452834079 0.7600900758373237</row2>
														<row3>-0.0576104037463665 -1.1444091541079615e-07 -4.76837147544984e-09</row3>
													</transform>
													<node>
														<identifier>Bone37</identifier>
														<transform>
															<row0>0.8533786753648356 0.14111407462274655 -0.5018283116524261</row0>
															<row1>0.01933695875310456 0.9534317402741441 0.30098817161927116</row1>
															<row2>0.520932707808054 -0.26656072056050045 0.8109095985254764</row2>
															<row3>-0.06647386401891708 2.288818308215923e-07 2.8610228852699038e-08</row3>
														</transform>
														<node>
															<identifier>Bone51</identifier>
															<transform>
																<row0>0.3727005376409361 0.9079268203449934 -0.19173700459510035</row0>
																<row1>0.631508868359859 -0.09676902594438833 0.7693063790198444</row1>
																<row2>0.679919691402445 -0.4078045198658587 -0.609429706866095</row2>
																<row3>-0.058519840240478516 -7.629394360719743e-08 -1.907348590179936e-08</row3>
															</transform>
															<node>
																<identifier>Bone57</identifier>
																<transform>
																	<row0>0.5621757611890008 0.025655303627609077 0.8266197547405595</row0>
																	<row1>0.7915243298466262 0.2729845357754065 -0.5467801745482815</row1>
																	<row2>-0.23968222140622525 0.9616762082387388 0.13315849218151013</row2>
																	<row3>-0.046799127012491226 1.335144048653092e-07 -4.76837147544984e-09</row3>
																</transform>
																<node>
																	<identifier>Bone58</identifier>
																	<transform>
																		<row0>0.9717516286915321 -0.19706271556057398 0.1298655391982307</row0>
																		<row1>0.20514759444188505 0.9773483960077193 -0.05200440468422031</row1>
																		<row2>-0.1166757541783018 0.07717697251854601 0.990166896689541</row2>
																		<row3>-0.0646226704120636 1.5258788721439487e-07 8.964538551481382e-07</row3>
																	</transform>
																	<node>
																		<identifier>Bone59</identifier>
																		<transform>
																			<row0>0.956903382378969 -0.2632222728573044 -0.12267824527406354</row0>
																			<row1>0.26683878553918233 0.9636431130442586 0.013748207677522748</row1>
																			<row2>0.11459921170611392 -0.04589102040927908 0.9923512658943567</row2>
																			<row3>-0.05319229140877724 -7.629394360719743e-08 -1.907348590179936e-08</row3>
																		</transform>
																		<node>
																			<identifier>Bone60</identifier>
																			<transform>
																				<row0>-0.9752099415666097 0.22128143683450158 0.0003091635626476832</row0>
																				<row1>0.22128118200541422 0.9752090006449802 -0.00013036261106507863</row1>
																				<row2>-0.0003303459148514667 -5.871883574356172e-05 -0.9999989304328177</row2>
																				<row3>0.24204093217849731 -0.03258945420384407 0.3479182720184326</row3>
																			</transform>
																		</node>
																	</node>
																</node>
															</node>
														</node>
													</node>
												</node>
											</node>
											<node>
												<identifier>Bone61</identifier>
												<transform>
													<row0>-0.3733453035491963 0.9166455301224943 0.14273800199990155</row0>
													<row1>0.17506319008633006 -0.08148468832012093 0.9811794560864848</row1>
													<row2>0.9110247242740953 0.3913069118454958 -0.1300489649861318</row2>
													<row3>-0.019441356882452965 -0.04008996859192848 0.002726593054831028</row3>
												</transform>
												<node>
													<identifier>Bone62</identifier>
													<transform>
														<row0>0.7143321085212619 0.39382443096185654 0.5784738164456001</row0>
														<row1>0.6028828139053762 0.07340236104143741 -0.7944459743060429</row1>
														<row2>-0.3553335565092415 0.9162501355488024 -0.18499630676315892</row2>
														<row3>-0.05761221423745155 -7.629394360719743e-08 -2.38418573772492e-09</row3>
													</transform>
													<node>
														<identifier>Bone63</identifier>
														<transform>
															<row0>0.8533973262351919 -0.47666499937766976 0.21095848393205585</row0>
															<row1>0.43970119434325194 0.8756407288749972 0.19979032416105988</row1>
															<row2>-0.27995689537452584 -0.07774183110494409 0.9568596262925441</row2>
															<row3>-0.06647348403930664 2.38418573772492e-09 0.0</row3>
														</transform>
														<node>
															<identifier>Bone64</identifier>
															<transform>
																<row0>0.3726404738833512 0.35786944564625295 0.8561930334567898</row0>
																<row1>-0.6889719933021233 0.7247814135473685 -0.0030813992888874355</row1>
																<row2>-0.621656165624664 -0.5887453633841713 0.5166454382209142</row2>
																<row3>-0.05852079391479492 -3.2424927098873013e-07 -1.1444091541079615e-07</row3>
															</transform>
															<node>
																<identifier>Bone65</identifier>
																<transform>
																	<row0>0.5621683793329953 -0.8269080842291324 -0.013770051028728083</row0>
																	<row1>0.8266647707628672 0.5623375625074115 -0.02009303168617637</row1>
																	<row2>0.02435848549088724 -8.754893987734935e-05 0.9997032842397655</row2>
																	<row3>-0.04680068790912628 2.5033949668795685e-07 -9.536743306171047e-08</row3>
																</transform>
																<node>
																	<identifier>Bone66</identifier>
																	<transform>
																		<row0>0.9717571630976416 -0.22416185854352746 -0.07376574064074377</row0>
																		<row1>0.20763462641436017 0.960714020174278 -0.18416414785279453</row1>
																		<row2>0.11215025194705461 0.16364635179628412 0.9801235598290549</row2>
																		<row3>-0.06462181359529495 -1.5258788721439487e-07 9.53674295089968e-09</row3>
																	</transform>
																	<node>
																		<identifier>Bone67</identifier>
																		<transform>
																			<row0>0.9568946556243098 -0.260483042733062 0.12845654236695606</row0>
																			<row1>0.08370068610270734 0.6708538792989743 0.73685091285514</row1>
																			<row2>-0.27811275416615866 -0.6943368411581825 0.6637391407628381</row2>
																			<row3>-0.05319242551922798 7.629394360719743e-08 -1.335144048653092e-07</row3>
																		</transform>
																		<node>
																			<identifier>Bone68</identifier>
																			<transform>
																				<row0>-0.9752147811269187 0.1424732247594943 -0.16928494229824687</row0>
																				<row1>0.14198397367601914 -0.18382633497714673 -0.9726511898607743</row1>
																				<row2>-0.16969563037542126 -0.972578696470872 0.15904110224249518</row2>
																				<row3>0.2419021725654602 -0.28757983446121216 -0.19878318905830383</row3>
																			</transform>
																		</node>
																	</node>
																</node>
															</node>
														</node>
													</node>
												</node>
											</node>
											<node>
												<identifier>Bone95</identifier>
												<transform>
													<row0>-0.14131803755447125 3.5762783882026485e-07 -0.989964247971423</row0>
													<row1>-1.3708462412020207e-07 -0.9999999999999323 -3.416843683535182e-07</row1>
													<row2>-0.9899642479714781 8.742271242684279e-08 0.14131803755451072</row2>
													<row3>-0.18336787819862366 -5.684341970784096e-15 -0.0010465240338817239</row3>
												</transform>
												<node>
													<identifier>Bone96</identifier>
													<transform>
														<row0>0.999999992688177 8.487700626359298e-05 -8.61367513140556e-05</row0>
														<row1>8.49047389672672e-05 -0.9999999445507676 0.0003220087687021165</row1>
														<row2>-8.610941539756079e-05 -0.00032201607976603113 -0.999999944445405</row2>
														<row3>-0.07352843880653381 -8.47585397423245e-05 -0.2867504954338074</row3>
													</transform>
												</node>
											</node>
											<node>
												<identifier>Bone69</identifier>
												<transform>
													<row0>0.14131818610352118 2.384185631798902e-07 0.9899642267659745</row0>
													<row1>1.4214398696948604e-05 0.9999999998963991 -2.2699523304001654e-06</row1>
													<row2>-0.9899642266639544 1.4392531760841612e-05 0.14131818608549152</row2>
													<row3>-0.18336787819862366 -5.684341970784096e-15 -0.0010465240338817239</row3>
												</transform>
												<node>
													<identifier>Bone70</identifier>
													<transform>
														<row0>0.9999999927484124 8.451938567860419e-05 8.578839301926507e-05</row0>
														<row1>8.454700622752871e-05 -0.999999944581058 -0.00032200882691941693</row1>
														<row2>8.576117227672877e-05 0.0003220160777361406 -0.9999999444753319</row2>
														<row3>-0.07349876314401627 7.64600481488742e-05 -0.286763072013855</row3>
													</transform>
												</node>
											</node>
											<node>
												<identifier>Bone09</identifier>
												<transform>
													<row0>0.9899642459044665 8.583067930831767e-06 -0.14131805177376192</row0>
													<row1>-8.4960661931472e-06 0.9999999999631654 1.2189962025374982e-06</row1>
													<row2>0.14131805177901924 -6.115134248958741e-09 0.989964245940924</row2>
													<row3>-0.1761123239994049 7.389644180854499e-15 7.629394360719743e-08</row3>
												</transform>
												<node>
													<identifier>Bone10</identifier>
													<transform>
														<row0>0.9999999999641815 -8.463857738812902e-06 -7.105427357601002e-15</row0>
														<row1>8.46385773881287e-06 0.9999999999641778 8.742280499518498e-08</row1>
														<row2>-7.328287572498812e-13 -8.742280499211377e-08 0.9999999999999962</row2>
														<row3>-0.064119853079319 5.503448505805864e-07 1.5258788721439487e-07</row3>
													</transform>
													<node>
														<identifier>Bone11</identifier>
														<transform>
															<row0>0.9999999999999929 1.1920928955078042e-07 -1.4210854715202004e-14</row0>
															<row1>-1.1920928955077872e-07 0.9999999999999891 8.742276946804817e-08</row1>
															<row2>2.463246095404953e-14 -8.742276946804585e-08 0.9999999999999962</row2>
															<row3>-0.056754741817712784 3.864822247123811e-06 1.6021728015402914e-06</row3>
														</transform>
														<node>
															<identifier>Bone12</identifier>
															<transform>
																<row0>0.9999999999999716 -2.3841856489070104e-07 3.552713678800501e-14</row0>
																<row1>2.384185648907036e-07 0.9999999999999563 -1.7484555314694902e-07</row1>
																<row2>6.159289070812924e-15 1.748455531469525e-07 0.9999999999999847</row2>
																<row3>-0.05019315704703331 2.615181074361317e-06 1.449584942747606e-06</row3>
															</transform>
															<node>
																<identifier>Bone13</identifier>
																<transform>
																	<row0>0.9999999999999929 1.1920928955078042e-07 -7.105427357601002e-15</row0>
																	<row1>-1.1920928955077934e-07 0.9999999999999891 8.742277657347553e-08</row1>
																	<row2>1.7527034443481552e-14 -8.742277657347406e-08 0.9999999999999962</row2>
																	<row3>-0.05119793117046356 3.089904794251197e-06 -1.7547607740198146e-06</row3>
																</transform>
																<node>
																	<identifier>Bone14</identifier>
																	<transform>
																		<row0>-1.0000008982354591 -0.0003216269521044484 -8.622018904629543e-05</row0>
																		<row1>0.00032161931189479773 -0.9999999446632681 8.505574015917583e-05</row1>
																		<row2>-8.624754049361833e-05 8.502808648138512e-05 1.0000009463401165</row2>
																		<row3>0.8598480224609375 0.00017467644647695124 4.562377944239415e-05</row3>
																	</transform>
																</node>
															</node>
															<node>
																<identifier>Dummy05</identifier>
																<transform>
																	<row0>1.0000009181417262 0.0002614262411148138 5.216864083718749e-05</row0>
																	<row1>-5.2168693521456727e-05 1.947073934006905e-07 1.0000009523135125</row1>
																	<row2>0.0002614259657040072 -0.9999999062235632 2.0834542781492195e-07</row2>
																	<row3>0.6660203337669373 0.00013196683721616864 3.1433104595635086e-05</row3>
																</transform>
															</node>
														</node>
														<node>
															<identifier>Dummy04</identifier>
															<transform>
																<row0>1.0000009108300971 0.00026965168767434687 0.00011391437798886931</row0>
																<row1>-0.00011391443463344877 1.9470734732542644e-07 1.0000009471860545</row1>
																<row2>0.0002696513905127354 -0.9999999040393908 2.2542430082081828e-07</row2>
																<row3>0.5646292567253113 0.00012104825873393565 3.0364990379894152e-05</row3>
															</transform>
														</node>
													</node>
													<node>
														<identifier>Dummy03</identifier>
														<transform>
															<row0>1.0000009149996598 0.00025379683878125244 0.00011373895449735999</row0>
															<row1>-0.00011373894706666436 -4.3711432048607924e-08 1.0000009472060476</row1>
															<row2>0.0002537965849445604 -0.9999999081889993 -1.4844857633569142e-08</row2>
															<row3>0.4576813578605652 0.00011143980373162776 2.632141149661038e-05</row3>
														</transform>
													</node>
												</node>
												<node>
													<identifier>Dummy02</identifier>
													<transform>
														<row0>1.0000009006304214 0.00031328229509076445 8.911841652459411e-05</row0>
														<row1>-8.911840720388123e-05 -4.371142708478623e-08 1.000000949703274</row1>
														<row2>0.0003132819989732016 -0.9999999509271933 -1.5792217187683767e-08</row2>
														<row3>0.33680668473243713 9.419978596270084e-05 1.9989012798760086e-05</row3>
													</transform>
												</node>
											</node>
											<node>
												<identifier>Dummy01</identifier>
												<transform>
													<row0>-0.9899776026619873 -0.0003217458739506722 0.1412240868521265</row0>
													<row1>0.00033049555734150307 -0.9999999446451578 3.85015299308801e-05</row1>
													<row2>0.1412240666469811 8.478958559402981e-05 0.9899776541975154</row2>
													<row3>0.09383998811244965 7.645734876859933e-05 -0.03852153941988945</row3>
												</transform>
											</node>
										</node>
									</node>
								</node>
								<node>
									<identifier>Bone42</identifier>
									<transform>
										<row0>0.5171593888633003 -0.7240117360812237 -0.45645706623723586</row0>
										<row1>-0.8508998156963449 -0.37742338691903365 -0.3654053785243066</row1>
										<row2>0.09228021605674619 0.5773720901936099 -0.8112495492695094</row2>
										<row3>-0.028765754774212837 0.009123878553509712 0.0099561782553792</row3>
									</transform>
									<node>
										<identifier>Bone43</identifier>
										<transform>
											<row0>-0.5726234273692726 -0.8198184905287784 0.00023024982628094286</row0>
											<row1>-0.8198184519453249 0.5726234720702063 0.00025511611616436014</row1>
											<row2>-0.0003409953642319856 -4.267759132714914e-05 -0.9999999409503906</row2>
											<row3>0.27473166584968567 0.2277083396911621 0.25839269161224365</row3>
										</transform>
									</node>
								</node>
								<node>
									<identifier>Bone44</identifier>
									<transform>
										<row0>0.5171418866204971 0.7240340821910287 -0.4564415810685828</row0>
										<row1>-0.8509102590123812 0.3774187660777726 -0.3653858318542387</row1>
										<row2>-0.09228217709869715 0.5773471424005894 0.8112670811463992</row2>
										<row3>-0.02876567840576172 -0.009119987487792969 0.0099561782553792</row3>
									</transform>
									<node>
										<identifier>Bone45</identifier>
										<transform>
											<row0>-0.5727658820313609 -0.819718950146118 0.00029521548597507045</row0>
											<row1>-0.8197189569108749 0.5727659336382164 0.00013017100089318702</row1>
											<row2>-0.0002757930096406036 -0.0001674362220859304 -0.9999999479516624</row2>
