<Root>
	<matrixlayout>column major</matrixlayout>
	<system />
	<node>
		<identifier>Scene Root</identifier>
		<transform>
			<row0>1.0 0.0 0.0</row0>
			<row1>0.0 1.0 0.0</row1>
			<row2>0.0 0.0 1.0</row2>
			<row3>0.0 0.0 0.0</row3>
		</transform>
		<node>
			<identifier>biped_root</identifier>
			<transform>
				<row0>-1.0 -1.2246467991473532e-16 -1.2246468525851679e-16</row0>
				<row1>-1.2246481129570423e-16 1.0291722673468707e-06 0.9999999999994704</row1>
				<row2>-1.2246455387741266e-16 0.9999999999994704 -1.0291722673468707e-06</row2>
				<row3>0.0 0.0 0.0</row3>
			</transform>
			<node>
				<identifier>Bone020</identifier>
				<transform>
					<row0>1.323223561552782e-05 -0.999459857260556 0.03286325531070992</row0>
					<row1>-0.9999999970252874 -1.0727841292901613e-05 7.638284232999657e-05</row1>
					<row2>-7.598903290495253e-05 -0.032863256223666946 -0.9994598544294035</row2>
					<row3>-1.0853909437891218e-10 -0.7171593308448792 1.139722228050232</row3>
				</transform>
				<node>
					<identifier>Bone015</identifier>
					<transform>
						<row0>0.9378979486916804 0.001178025777188153 -0.34690911041066674</row0>
						<row1>-0.0010838609120715505 0.9999993042937101 0.00046546494941588013</row1>
						<row2>0.3469094380709392 -6.055740003889766e-05 0.9378986289093862</row2>
						<row3>-1.135729193687439 -3.433507060890406e-07 -0.037431564182043076</row3>
					</transform>
					<node>
						<identifier>Bone027</identifier>
						<transform>
							<row0>0.9768933529844096 -0.0009633299655949667 0.2137251714006918</row0>
							<row1>0.2137250438658817 -0.00023464747103961095 -0.9768938276829735</row1>
							<row2>0.000991221168378454 0.99999950846785 -2.3337815599095104e-05</row2>
							<row3>-0.09327209740877151 0.0008583646267652512 0.041157759726047516</row3>
						</transform>
						<node>
							<identifier>Bone017</identifier>
							<transform>
								<row0>0.9552388177127575 0.12840953450328235 -0.2665141508126418</row0>
								<row1>-0.13100666568813807 0.9913484830451359 0.008089419595018575</row1>
								<row2>0.26524714191281046 0.027187801026222497 0.963797000396431</row2>
								<row3>-0.23448492586612701 -0.003390350379049778 -0.5217106342315674</row3>
							</transform>
						</node>
						<node>
							<identifier>Bone029</identifier>
							<transform>
								<row0>0.9553234407139826 0.12840580711695596 0.26621245711093433</row0>
								<row1>-0.13100904524540105 0.9913486145033964 -0.008034586864592104</row1>
								<row2>-0.2649410381316688 -0.027200610670338285 0.9638808915487818</row2>
								<row3>-0.23431867361068726 -0.003397140419110656 0.5247294902801514</row3>
							</transform>
						</node>
					</node>
					<node>
						<identifier>Bone004</identifier>
						<transform>
							<row0>0.9542945029941785 -0.0009984978826662304 -0.29886938937705665</row0>
							<row1>-0.29886938641158717 -0.00014285642498113293 -0.9542940162539023</row1>
							<row2>0.0009101642199175641 0.9999994316932171 -0.0004347471100824943</row2>
							<row3>-0.035554733127355576 0.0001440809719497338 0.11202453821897507</row3>
						</transform>
						<node>
							<identifier>Bone011</identifier>
							<transform>
								<row0>0.914326724932419 -0.3359092835606138 0.2262069113339737</row0>
								<row1>-0.3397964717248192 -0.9402239347713731 -0.02274445616850263</row1>
								<row2>0.22032544947458788 -0.05606850304517184 -0.973813647100971</row2>
								<row3>-0.33034801483154297 -0.12064025551080704 0.5181077718734741</row3>
							</transform>
						</node>
						<node>
							<identifier>Bone016</identifier>
							<transform>
								<row0>0.9142869735163468 -0.3356827147885985 -0.22670757782039255</row0>
								<row1>-0.3397925526666917 -0.9402462600117122 0.021863020977010865</row1>
								<row2>-0.22050000353980576 0.05704447469559383 -0.9737174520083582</row2>
								<row3>-0.3304401636123657 -0.12012328952550888 -0.5138916373252869</row3>
							</transform>
						</node>
					</node>
				</node>
				<node>
					<identifier>Bone014</identifier>
					<transform>
						<row0>-0.9839478518053065 0.0025124519053593302 -0.17843853987618777</row0>
						<row1>0.002556805763820624 0.9999967311937277 -1.8604983857462822e-05</row1>
						<row2>0.17843789921531403 -0.0004745389928578663 -0.9839510006738565</row2>
						<row3>0.017081374302506447 0.0046433256939053535 -0.010560913011431694</row3>
					</transform>
					<node>
						<identifier>Bone030</identifier>
						<transform>
							<row0>0.9956995499692013 -0.0006308556957367487 -0.09263848553886989</row0>
							<row1>0.0926388589252446 0.0004292292672966627 0.9957006402171323</row1>
							<row2>-0.0005883797448059317 -0.9999997088917733 0.00048582470571933317</row2>
							<row3>-0.9152542352676392 0.0017704039346426725 0.0009969329694285989</row3>
						</transform>
						<node>
							<identifier>Bone008</identifier>
							<transform>
								<row0>0.9970339175857608 -0.07693976345393501 0.0019078740112488336</row0>
								<row1>0.07694128032725467 0.9970352936049558 -0.0007372098727236686</row1>
								<row2>-0.001845497081743679 0.0008818175691735827 0.9999979082669603</row2>
								<row3>-0.966286301612854 7.629394360719743e-08 -2.2709369318363315e-07</row3>
							</transform>
							<node>
								<identifier>Bone025</identifier>
								<transform>
									<row0>0.9894630027599975 -0.1447858619663021 -0.00014263184712470732</row0>
									<row1>0.14478570796950455 0.9894592562679762 0.0027347675207679834</row1>
									<row2>-0.0002548272713956989 -0.0027266023359145517 0.9999962503443518</row2>
									<row3>-0.7290838360786438 -2.288818308215923e-07 -2.7755574995243454e-19</row3>
								</transform>
								<node>
									<identifier>Bone010</identifier>
									<transform>
										<row0>0.9997188785613573 -0.018457443905886325 0.014882426296921141</row0>
										<row1>0.018413059218779542 0.9998256162488725 0.0031138951119302955</row1>
										<row2>-0.01493730558795487 -0.002838988732532316 0.9998844018409071</row2>
										<row3>-0.6967007517814636 0.0 4.580616916882718e-07</row3>
									</transform>
									<node>
										<identifier>Bone003</identifier>
										<transform>
											<row0>0.9999399717044325 -6.8545329683046e-07 -0.010956869410055569</row0>
											<row1>7.054433485611414e-07 0.999999999998094 1.8205661146100256e-06</row1>
											<row2>0.010956869408786771 -1.8281862797755743e-06 0.9999399717030101</row2>
											<row3>-0.8743231296539307 1.0681152389224735e-06 -1.4305114426349519e-08</row3>
										</transform>
									</node>
								</node>
							</node>
						</node>
					</node>
				</node>
				<node>
					<identifier>Bone013</identifier>
					<transform>
						<row0>-0.9138363613621119 -4.291534066540924e-05 0.4060826305208453</row0>
						<row1>1.3112338608651052e-05 -0.9999999970128184 -7.617368094385373e-05</row1>
						<row2>0.40608263257682226 -6.428558647080866e-05 0.9138363591950371</row2>
						<row3>-0.7297385334968567 0.002285843249410391 -0.5160512328147888</row3>
					</transform>
					<node>
						<identifier>Bone026</identifier>
						<transform>
							<row0>0.8995249003219805 -0.03246927909610783 -0.4356612211520669</row0>
							<row1>0.02922039492735066 0.9994727339428682 -0.014157069790689676</row1>
							<row2>0.43589118162796175 4.443855726204982e-06 0.8999993765326905</row2>
							<row3>-0.7801116704940796 -0.012215881608426571 0.05482925474643707</row3>
						</transform>
						<node>
							<identifier>Bone001</identifier>
							<transform>
								<row0>0.9999686452528984 0.007918870055124237 2.8518547878659317e-06</row0>
								<row1>-0.007918870059295877 0.9999686452558743 1.454472453580643e-06</row1>
								<row2>-2.8402475903301116e-06 -1.4770103164577857e-06 0.9999999999948758</row2>
								<row3>-0.17901138961315155 -9.059905892172537e-08 1.5258788721439487e-07</row3>
							</transform>
						</node>
					</node>
				</node>
				<node>
					<identifier>Bone018</identifier>
					<transform>
						<row0>-0.291112540127191 0.9566417269912209 -0.00949184702515828</row0>
						<row1>0.03286286711418857 8.37017219625525e-05 -0.9994598666074876</row1>
						<row2>-0.9561231925558624 -0.29126691733490945 -0.03146232281544732</row2>
						<row3>-1.072270393371582 -0.6361734867095947 0.18580955266952515</row3>
					</transform>
					<node>
						<identifier>Bone019</identifier>
						<transform>
							<row0>0.937132636724471 8.470329293129598e-22 0.34897338177265136</row0>
							<row1>5.658403282428982e-08 0.9999999999999869 -1.5195068348129015e-07</row1>
							<row2>-0.3489733817726468 1.621442659519341e-07 0.9371326367244587</row2>
							<row3>-1.1503950357437134 -3.814697322468419e-07 3.4332276754867053e-07</row3>
						</transform>
						<node>
							<identifier>Bone007</identifier>
							<transform>
								<row0>0.9918663414318167 4.547473468784019e-13 0.12728378032829948</row0>
								<row1>4.103322244671815e-09 0.9999999999999994 -3.197895253728816e-08</row1>
								<row2>-0.1272837803282994 3.2241133023188754e-08 0.9918663414318162</row2>
								<row3>-0.9671980142593384 -1.5258788721439487e-07 -1.5258788721439487e-07</row3>
							</transform>
							<node>
								<identifier>Bone009</identifier>
								<transform>
									<row0>0.7242822453438694 -4.649161258678135e-06 0.6895036106200084</row0>
									<row1>2.6486531317889926e-06 0.9999999999886494 3.9605141715510494e-06</row1>
									<row2>-0.6895036106305952 -1.0422741992387052e-06 0.7242822453479625</row2>
									<row3>-0.38962066173553467 -0.010726242326200008 -0.14638137817382812</row3>
								</transform>
							</node>
						</node>
					</node>
				</node>
				<node>
					<identifier>Bone021</identifier>
					<transform>
						<row0>-0.29198370911808674 -0.9563752973937406 -0.00968046973141094</row0>
						<row1>0.03286204928578122 8.371003234078009e-05 -0.9994598934971675</row1>
						<row2>0.9558586516510581 -0.2921438482814093 0.03140398024375414</row2>
						<row3>-1.0722885131835938 0.6359716653823853 0.1859149932861328</row3>
					</transform>
					<node>
						<identifier>Bone005</identifier>
						<transform>
							<row0>0.9371327126948807 -0.0 -0.3489731777617503</row0>
							<row1>1.6181326348293096e-07 0.9999999999998925 4.3453340319839144e-07</row1>
							<row2>0.34897317776171277 -4.6368395565748474e-07 0.93713271269478</row2>
							<row3>-1.1503956317901611 -7.629394360719743e-08 3.814697180359872e-08</row3>
						</transform>
						<node>
							<identifier>Bone012</identifier>
							<transform>
								<row0>0.9918662971894415 -1.6940659058155142e-21 -0.127284125089135</row0>
								<row1>-1.1106884647640325e-08 0.9999999999999962 -8.655081331668227e-08</row1>
								<row2>0.12728412508913453 8.72605648179931e-08 0.9918662971894378</row2>
								<row3>-0.9671972393989563 3.0517577442878974e-07 3.814697322468419e-07</row3>
							</transform>
							<node>
								<identifier>Bone022</identifier>
								<transform>
									<row0>0.6808595986627519 -4.649158135788991e-06 -0.7324124938319395</row0>
									<row1>4.976885880722252e-06 0.9999999999861341 -1.721157985427425e-06</row1>
									<row2>0.7324124938297859 -2.473266464223445e-06 0.6808595986764495</row2>
									<row3>-0.6470848321914673 -0.010716094635426998 0.037994079291820526</row3>
								</transform>
								<node>
									<identifier>Bone002</identifier>
									<transform>
										<row0>0.999974050665834 2.384189719237749e-07 0.0072040262983451816</row0>
										<row1>-2.39087102859638e-07 0.9999999999999672 9.188289399999417e-08</row1>
										<row2>-0.007204026298323039 -9.36028994766696e-08 0.9999740506658582</row2>
										<row3>-0.4280551075935364 2.288818308215923e-07 -1.5258789289873675e-06</row3>
									</transform>
								</node>
							</node>
						</node>
					</node>
				</node>
				<node>
					<identifier>Bone024</identifier>
					<transform>
						<row0>-0.52216347123365 0.8152474412211543 -0.25043322399853374</row0>
						<row1>0.34146725431645536 -0.06922989288865614 -0.9373405657284904</row1>
						<row2>-0.7815019630361203 -0.574959748917299 -0.24223098415842892</row2>
						<row3>-0.5295003652572632 -0.5088052749633789 -0.022529983893036842</row3>
					</transform>
					<node>
						<identifier>Bone028</identifier>
						<transform>
							<row0>0.966328465644206 -0.01754397196605528 0.2567128854057947</row0>
							<row1>0.014800264026505177 0.9998108741330695 0.012616186032759234</row1>
							<row2>-0.25688567237286736 -0.008391961208306365 0.9664053633525727</row2>
							<row3>-0.9282749891281128 -1.5258788721439487e-07 4.577636616431846e-07</row3>
						</transform>
					</node>
				</node>
				<node>
					<identifier>Bone006</identifier>
					<transform>
						<row0>-0.6536376235843834 -0.7044642262145406 -0.2765644442252517</row0>
						<row1>0.30775370237715516 0.08643988683473297 -0.9475303573396772</row1>
						<row2>0.6914081810598851 -0.7044559785009976 0.16030128358083423</row2>
						<row3>-0.529513955116272 0.5087946057319641 -0.02245284989476204</row3>
					</transform>
					<node>
						<identifier>Bone023</identifier>
						<transform>
							<row0>0.991629015829451 -0.028840858819411026 -0.12585745837125895</row0>
							<row1>0.02867697141698925 0.9995838800721772 -0.0031141628409993636</row1>
							<row2>0.12589489420168257 -0.0005211164721136975 0.9920433885885654</row2>
							<row3>-0.8517184257507324 -5.340576194612368e-07 1.5258788721439487e-07</row3>
						</transform>
					</node>
				</node>
			</node>
		</node>
	</node>
	<anim>
		<name>ability1</name>
		<res>/ability1.anim</res>
		<durationMS>2533</durationMS>
		<_ModifyTime>1723174859</_ModifyTime>
		<motion>
			<trans />
		</motion>
	</anim>
	<anim>
		<name>attack1</name>
		<res>/attack1.anim</res>
		<durationMS>2533</durationMS>
		<_ModifyTime>1723174860</_ModifyTime>
		<motion>
			<trans />
		</motion>
	</anim>
	<anim>
		<name>die</name>
		<res>/die.anim</res>
		<durationMS>2666</durationMS>
		<_ModifyTime>1723174861</_ModifyTime>
		<motion>
			<trans />
		</motion>
	</anim>
	<anim>
		<name>idle1</name>
		<res>/idle1.anim</res>
		<durationMS>2666</durationMS>
		<_ModifyTime>1723174862</_ModifyTime>
		<motion>
			<trans />
		</motion>
	</anim>
	<anim>
		<name>walk</name>
		<res>/walk.anim</res>
		<durationMS>2866</durationMS>
		<_ModifyTime>1723174863</_ModifyTime>
		<motion>
			<trans />
		</motion>
	</anim>
</Root>