<Root>
	<matrixlayout>column major</matrixlayout>
	<system />
	<node>
		<identifier>Scene Root</identifier>
		<transform>
			<row0>1.0 0.0 0.0</row0>
			<row1>0.0 1.0 0.0</row1>
			<row2>0.0 0.0 1.0</row2>
			<row3>0.0 0.0 0.0</row3>
		</transform>
		<node>
			<identifier>root</identifier>
			<transform>
				<row0>0.3937009871005775 4.693281217028737e-08 -1.282840689622814e-07</row0>
				<row1>1.2828407660860667e-07 -6.41420359488669e-08 0.39370098710057505</row1>
				<row2>4.69327912701554e-08 -0.39370098710059315 -6.414205124151577e-08</row2>
				<row3>-0.001196794561110437 -0.0005825225962325931 -1.837912738666958e-10</row3>
			</transform>
			<node>
				<identifier>Bip01</identifier>
				<transform>
					<row0>4.3711406111538646e-08 -0.999999999999999 -0.0</row0>
					<row1>-4.371140265840485e-08 -1.9106868733065263e-15 -0.999999999999999</row1>
					<row2>0.999999999999998 4.37114061115386e-08 -4.371140265840489e-08</row2>
					<row3>0.003039879258722067 0.09109897911548615 -0.34468531608581543</row3>
				</transform>
				<node>
					<identifier>Bip01 Pelvis</identifier>
					<transform>
						<row0>-0.04409178690912844 -0.9990274842689846 1.5309411764956419e-06</row0>
						<row1>3.5628906321228457e-06 1.375184350366164e-06 0.9999999999927074</row1>
						<row2>-0.9990274842638044 0.044091786914261466 3.498791329598106e-06</row2>
						<row3>0.0 7.105427198782324e-17 -5.67593572142755e-09</row3>
					</transform>
					<node>
						<identifier>Bip01 Spine</identifier>
						<transform>
							<row0>0.9915382322413583 -1.5497207729703213e-06 0.12981499913831462</row0>
							<row1>1.028365066236612e-06 0.9999999999911351 4.083176032045439e-06</row1>
							<row2>-0.12981499914349162 -3.915127934557239e-06 0.9915382322341619</row2>
							<row3>-0.09768325835466385 1.8823382674781897e-07 -0.01848452538251877</row3>
						</transform>
						<node>
							<identifier>Bip01 Spine1</identifier>
							<transform>
								<row0>0.9928730490115615 -3.576279169906057e-07 -0.11917679533515585</row0>
								<row1>3.6221050944991013e-07 0.9999999999999343 1.679132171118846e-08</row1>
								<row2>0.11917679533514201 -5.983873853727619e-08 0.9928730490116258</row2>
								<row3>-0.1408395767211914 -5.591027640861057e-10 -0.00020024299737997353</row3>
							</transform>
							<node>
								<identifier>Bip01 Neck</identifier>
								<transform>
									<row0>0.016325429668343636 -2.861023081255582e-06 -0.9998666716761153</row0>
									<row1>2.770537285990657e-06 0.9999999999921967 -2.8161683446324594e-06</row1>
									<row2>0.9998666716763701 -2.724192736653564e-06 0.016325429676142814</row2>
									<row3>-0.154540553689003 1.465011365553437e-07 0.10376457870006561</row3>
								</transform>
								<node>
									<identifier>Bip01 Head</identifier>
									<transform>
										<row0>0.9539334790933638 7.152559659467413e-07 0.3000181952220889</row0>
										<row1>-7.205259840991939e-07 0.9999999999997361 -9.306804587958245e-08</row1>
										<row2>-0.3000181952220763 -1.2739018056172877e-07 0.9539334790936274</row2>
										<row3>-0.04714382067322731 0.0 -7.629394360719743e-08</row3>
									</transform>
									<node>
										<identifier>bone01</identifier>
										<transform>
											<row0>-0.5401471930692493 -0.5009542775446055 0.6762291191816376</row0>
											<row1>-0.31265071853340465 0.8654737499217287 0.39141374068492646</row1>
											<row2>-0.7813389392702483 -2.4866456523331415e-06 -0.6241069315220428</row2>
											<row3>0.01725338026881218 0.07169823348522186 -0.1668880134820938</row3>
										</transform>
										<node>
											<identifier>bone02</identifier>
											<transform>
												<row0>0.9992715492576786 -0.00042483218343404144 -0.03816006239217741</row0>
												<row1>-0.0004184441421495516 0.9997559495310295 -0.02208769525798276</row1>
												<row2>0.03816013297485813 0.02208757331454798 0.9990274987989148</row2>
												<row3>-0.5858957767486572 0.011067705228924751 0.03396789729595184</row3>
											</transform>
										</node>
									</node>
									<node>
										<identifier>bone03</identifier>
										<transform>
											<row0>-0.5401487459141512 0.5009558897674694 0.6762266844739659</row0>
											<row1>-0.3126481080373777 -0.8654727651440881 0.39141785105588695</row1>
											<row2>0.7813389028939025 2.867871246092779e-06 0.624106977061087</row2>
											<row3>0.017253722995519638 -0.0717003345489502 -0.1668877750635147</row3>
										</transform>
										<node>
											<identifier>bone04</identifier>
											<transform>
												<row0>0.9992715729663889 -0.0004184692230523813 0.03815951185206965</row0>
												<row1>-0.00042480892316927365 0.99975588092922 0.022087980340720823</row1>
												<row2>-0.038159439527466886 -0.022088101359861313 0.9990274539490794</row2>
												<row3>-0.5858958959579468 0.01106221228837967 -0.033967819064855576</row3>
											</transform>
										</node>
									</node>
									<node>
										<identifier>bone05</identifier>
										<transform>
											<row0>-0.13514412855865587 0.21002323795446187 -0.968311057478559</row0>
											<row1>-0.9556622487744983 -0.2856733161175776 0.07141724389568278</row1>
											<row2>-0.26162133442061575 0.9350298881613875 0.23931833697314872</row2>
											<row3>-0.06397445499897003 -0.04956105723977089 0.14243923127651215</row3>
										</transform>
										<node>
											<identifier>bone06</identifier>
											<transform>
												<row0>0.9999999999999953 8.940696716308554e-08 3.7252902984619114e-08</row0>
												<row1>-8.940694815050465e-08 0.9999999999998658 -5.103647708892154e-07</row1>
												<row2>-3.725294861478043e-08 5.103647675585446e-07 0.9999999999998691</row2>
												<row3>-0.12800681591033936 0.0 -6.19888282926695e-08</row3>
											</transform>
										</node>
									</node>
									<node>
										<identifier>bone07</identifier>
										<transform>
											<row0>-0.13514304811101224 -0.21002789690668633 -0.9683101361954923</row0>
											<row1>-0.9556630843427965 0.2856709570130964 0.07141549932357072</row1>
											<row2>0.2616188517566763 0.9350296153500429 -0.23932236590813913</row2>
											<row3>-0.06397472321987152 0.04956021159887314 0.1424388885498047</row3>
										</transform>
										<node>
											<identifier>bone08</identifier>
											<transform>
												<row0>0.999999999999857 5.06639423747329e-07 -1.7136333951839082e-07</row0>
												<row1>-5.066393369278381e-07 0.9999999999997433 5.066394805907479e-07</row1>
												<row2>1.7136359620188132e-07 -5.066393937712667e-07 0.999999999999857</row2>
												<row3>-0.1280069798231125 7.629394360719743e-08 1.907348590179936e-08</row3>
											</transform>
										</node>
									</node>
									<node>
										<identifier>bone09</identifier>
										<transform>
											<row0>0.8625714318768697 0.3871085406741609 0.32575681519656374</row0>
											<row1>-0.13618478696339056 0.7977567045498329 -0.5873993055371503</row1>
											<row2>-0.4872619713353615 0.46231073758124197 0.740840437076342</row2>
											<row3>-0.10004761070013046 -0.07455462217330933 0.022972144186496735</row3>
										</transform>
										<node>
											<identifier>bone10</identifier>
											<transform>
												<row0>0.9991732692805648 0.02068481005934266 -0.03499880837967012</row0>
												<row1>-0.02008408682378887 0.9996463581520683 0.01742951777191525</row1>
												<row2>0.03534695549409447 -0.016712188151797723 0.9992352957613093</row2>
												<row3>-0.0419907383620739 -0.0077382661402225494 0.018960094079375267</row3>
											</transform>
										</node>
									</node>
									<node>
										<identifier>bone11</identifier>
										<transform>
											<row0>0.9277645252481994 0.1547983868623428 0.33954446706698</row0>
											<row1>0.0777640869144984 0.8097245847682871 -0.5816346306816498</row1>
											<row2>-0.36497358342485153 0.5660243087129265 0.7391959456996436</row2>
											<row3>-0.10273780673742294 -0.05300765112042427 0.08557254821062088</row3>
										</transform>
										<node>
											<identifier>bone12</identifier>
											<transform>
												<row0>0.9990508044891186 0.025079965803737638 -0.035615802180045786</row0>
												<row1>-0.024836079802503155 0.999665074774803 0.007273748382433011</row1>
												<row2>0.03578629891017648 -0.006382287267947342 0.9993390852055878</row2>
												<row3>-0.03380317613482475 -0.010352840647101402 0.01611902192234993</row3>
											</transform>
										</node>
									</node>
									<node>
										<identifier>bone13</identifier>
										<transform>
											<row0>0.8625728245800225 -0.3871042917767364 0.3257581765421601</row0>
											<row1>-0.13618238961933132 -0.7977597087778285 -0.5873957812312606</row1>
											<row2>0.48726017593644 0.4623091112434901 -0.7408426328226825</row2>
											<row3>-0.10004878789186478 0.0745541974902153 0.022971076890826225</row3>
										</transform>
										<node>
											<identifier>bone14</identifier>
											<transform>
												<row0>0.9991731690857489 0.020683705904400173 0.03500232119733885</row0>
												<row1>-0.020083115066765262 0.9996464721396757 -0.017424099056064422</row1>
												<row2>-0.03535034184214435 0.016706736628101865 0.9992353267788738</row2>
												<row3>-0.041990891098976135 -0.007738342508673668 -0.018960686400532722</row3>
											</transform>
										</node>
									</node>
									<node>
										<identifier>bone15</identifier>
										<transform>
											<row0>0.9277651121621925 -0.15479381068219247 0.33954494964460874</row0>
											<row1>0.07776646408660187 -0.8097271777986063 -0.5816307029359536</row1>
											<row2>0.3649716067287175 0.5660218844786744 -0.7391988586118546</row2>
											<row3>-0.10273933410644531 0.05300888046622276 0.08557384461164474</row3>
										</transform>
										<node>
											<identifier>bone16</identifier>
											<transform>
												<row0>0.9990507876177663 0.025078443599128582 0.035617347275815066</row0>
												<row1>-0.0248347650462894 0.9996651517655109 -0.007267653729615216</row1>
												<row2>-0.035787682314118725 0.006376206731538315 0.9993390744798786</row2>
												<row3>-0.03380325436592102 -0.010352782905101776 -0.01611948013305664</row3>
											</transform>
										</node>
									</node>
								</node>
								<node>
									<identifier>Bip01 L Clavicle</identifier>
									<transform>
										<row0>4.3711228475854706e-08 -0.999999999999999 -0.0</row0>
										<row1>-0.015532453606062676 -6.789426283652197e-10 -0.9998793641659856</row1>
										<row2>0.9998793641659846 4.370595533535172e-08 -0.015532453606062691</row2>
										<row3>0.16576585173606873 0.04001440480351448 -0.014236602932214737</row3>
									</transform>
									<node>
										<identifier>Bip01 L UpperArm</identifier>
										<transform>
											<row0>0.8733669503860239 0.44212791244870553 -0.20433570174388588</row0>
											<row1>-0.4622932170001098 0.6203920529033705 -0.6335602283924906</row1>
											<row2>-0.153346424843516 0.6477936120756864 0.7462226947377351</row2>
											<row3>-0.13839474320411682 0.0 -1.4305114426349519e-08</row3>
										</transform>
										<node>
											<identifier>Bip01 L Forearm</identifier>
											<transform>
												<row0>-0.17413254101394104 9.865546844607652e-17 0.9847221633286936</row0>
												<row1>-8.804102429935821e-08 0.999999999999996 -1.5568662861765534e-08</row1>
												<row2>-0.9847221633286897 -8.94069587340467e-08 -0.17413254101394035</row2>
												<row3>-0.27981168031692505 -7.629394360719743e-08 0.0</row3>
											</transform>
											<node>
												<identifier>Bip01 L Hand</identifier>
												<transform>
													<row0>0.765222848274674 0.6338006264744369 -0.11283066231750365</row0>
													<row1>0.10296770897609087 0.05251050742538328 0.9932976882677941</row1>
													<row2>0.635477492431172 -0.7717120010020189 -0.025078758399283686</row2>
													<row3>-0.6244021058082581 -0.010878601111471653 0.008010540157556534</row3>
												</transform>
											</node>
										</node>
									</node>
								</node>
								<node>
									<identifier>Bip01 R Clavicle</identifier>
									<transform>
										<row0>4.371134216269243e-08 0.999999999999999 -0.0</row0>
										<row1>0.015527078400052519 -6.787094367316472e-10 0.9998793880399138</row1>
										<row2>0.9998793880399128 -4.370607005203619e-08 -0.015527078400052534</row2>
										<row3>0.1657658815383911 -0.04001426324248314 -0.014236297458410263</row3>
									</transform>
									<node>
										<identifier>Bip01 R UpperArm</identifier>
										<transform>
											<row0>0.8733669559426727 -0.4421278854593469 -0.20433573639154834</row0>
											<row1>0.4622932548282915 0.620392122378674 0.6335602268377873</row1>
											<row2>-0.1533463622251731 -0.6477935993738522 0.7462227186320282</row2>
											<row3>-0.13839472830295563 0.0 -7.1525572131747595e-09</row3>
										</transform>
										<node>
											<identifier>Bip01 R Forearm</identifier>
											<transform>
												<row0>-0.1741325201241329 -5.960462857417661e-08 0.9847222275521229</row0>
												<row1>-3.9726115078920007e-08 0.9999999999999978 5.3504448834992934e-08</row1>
												<row2>-0.9847222275521238 -2.9802324019016024e-08 -0.1741325201241349</row2>
												<row3>-0.2798115015029907 -7.105427198782324e-17 7.629394360719743e-08</row3>
											</transform>
											<node>
												<identifier>Bip01 R Hand</identifier>
												<transform>
													<row0>0.7652240914172826 -0.6337975199472746 -0.11283968106689343</row0>
													<row1>-0.10297653398204178 0.05251384785761233 -0.9932965968089456</row1>
													<row2>0.6354745654734261 0.771714325052912 -0.02508141033691752</row2>
													<row3>-0.6243991851806641 0.010876350104808807 0.008013563230633736</row3>
												</transform>
											</node>
										</node>
									</node>
								</node>
							</node>
							<node>
								<identifier>bone31</identifier>
								<transform>
									<row0>-0.1503515812474478 0.8925760227479344 0.4250911027437191</row0>
									<row1>0.04966438632728393 -0.4226168362472826 0.9049466605557875</row1>
									<row2>0.9873842891836356 0.15717204074193103 0.019211868026232023</row2>
									<row3>-0.15364494919776917 -0.01001730002462864 -0.22470611333847046</row3>
								</transform>
								<node>
									<identifier>bone35</identifier>
									<transform>
										<row0>0.9998022467685327 0.006565680360074017 0.01877123325739624</row0>
										<row1>-0.0072993871734467735 0.9992012174226594 0.039289261229594294</row1>
										<row2>-0.018498278392498072 -0.039418510150493 0.9990515475960333</row2>
										<row3>-0.38144180178642273 0.012671642005443573 -0.017882537096738815</row3>
									</transform>
								</node>
							</node>
							<node>
								<identifier>bone32</identifier>
								<transform>
									<row0>0.5234458121812586 0.7826739961059562 0.336787437889465</row0>
									<row1>0.04966396153831659 -0.4226166870093688 0.9049467535637363</row1>
									<row2>0.8506103338023875 -0.4569644172752345 -0.26008764171505006</row2>
									<row3>-0.18042388558387756 -0.013837004080414772 -0.22323638200759888</row3>
								</transform>
								<node>
									<identifier>bone36</identifier>
									<transform>
										<row0>0.9996232076035549 -0.020467032387952038 0.018287268695039775</row0>
										<row1>0.0198236225032274 0.9992012193484463 0.03469794292789849</row1>
										<row2>-0.018982826231801638 -0.03432235114137697 0.9992305182090774</row2>
										<row3>-0.6150383949279785 0.02891513891518116 -0.0255030058324337</row3>
									</transform>
								</node>
							</node>
							<node>
								<identifier>bone33</identifier>
								<transform>
									<row0>0.5234460372015752 -0.7826729622252736 0.33678966780393166</row0>
									<row1>0.04966414853163506 0.42261941105920847 0.9049454711454141</row1>
									<row2>-0.8506101529115321 -0.45696372143168307 0.26008922670853013</row2>
									<row3>-0.18042388558387756 0.013571256771683693 -0.22323642671108246</row3>
								</transform>
								<node>
									<identifier>bone37</identifier>
									<transform>
										<row0>0.999623141204386 -0.020472568029347306 -0.018284701738725546</row0>
										<row1>0.019829284487584864 0.9992011811222224 -0.03469580840196502</row1>
										<row2>0.018980409002965087 0.03432016247449106 0.9992306393029613</row2>
										<row3>-0.6152478456497192 0.029031915590167046 0.02537860907614231</row3>
									</transform>
								</node>
							</node>
							<node>
								<identifier>bone34</identifier>
								<transform>
									<row0>-0.15035180854870314 -0.8925746146995424 0.42509397885655553</row0>
									<row1>0.049665275626746504 0.4226196151465021 0.9049453139777794</row1>
									<row2>-0.987384209840637 0.15717256485319886 -0.019211658063839537</row2>
									<row3>-0.1536450982093811 0.009751497767865658 -0.22470608353614807</row3>
								</transform>
								<node>
									<identifier>bone38</identifier>
									<transform>
										<row0>0.9998022615596327 0.006560544436690005 -0.01876906571068706</row0>
										<row1>-0.007294209728136925 0.9992011693691191 -0.03929144481725262</row1>
										<row2>0.018496300238844413 0.039420583239579476 0.9990515024234365</row2>
										<row3>-0.38168102502822876 0.012787065468728542 0.017923889681696892</row3>
									</transform>
								</node>
							</node>
						</node>
						<node>
							<identifier>Bip01 L Thigh</identifier>
							<transform>
								<row0>-0.997241910474307 2.0265576871457457e-06 0.07421975471158215</row0>
								<row1>-2.0274567565129592e-06 -0.9999999999979428 6.322895960499625e-08</row1>
								<row2>0.07421975471155759 -8.742277468294252e-08 0.9972419104763641</row2>
								<row3>0.09925644099712372 0.10105150192975998 0.005647316109389067</row3>
							</transform>
							<node>
								<identifier>Bip01 L Calf</identifier>
								<transform>
									<row0>0.9800665181595721 2.2737363021587062e-13 0.1986696252137532</row0>
									<row1>-2.2848781105690483e-13 1.0 -1.7317074956607676e-14</row1>
									<row2>-0.1986696252137532 -2.842170243115533e-14 0.9800665181595721</row2>
									<row3>-0.00835288967937231 9.53674295089968e-09 -1.907348590179936e-08</row3>
								</transform>
								<node>
									<identifier>Bip01 L Foot</identifier>
									<transform>
										<row0>0.9950041650033514 1.192092881022861e-07 -0.09983341938433739</row0>
										<row1>-1.1861376282952224e-07 0.9999999999999928 1.1900825069578745e-08</row1>
										<row2>0.09983341938433808 2.4701810687209375e-13 0.9950041650033585</row2>
										<row3>-0.00835292786359787 9.53674295089968e-09 -9.53674295089968e-09</row3>
									</transform>
									<node>
										<identifier>Bip01 L Toe0</identifier>
										<transform>
											<row0>1.9470716645114914e-07 0.0 -0.999999999999981</row0>
											<row1>4.371132789060452e-08 0.999999999999999 8.510908795396853e-15</row1>
											<row2>0.99999999999998 -4.371132789060535e-08 1.9470716645114896e-07</row2>
											<row3>-0.0019212341867387295 2.8610228852699038e-08 0.002472467487677932</row3>
										</transform>
										<node>
											<identifier>Bip01 L Toe01</identifier>
											<transform>
												<row0>1.0 4.9582442372773233e-14 -0.0</row0>
												<row1>-4.9582442372773233e-14 1.0 -1.1368685127414319e-13</row1>
												<row2>-5.636871751842246e-27 1.1368685127414319e-13 1.0</row2>
												<row3>-0.000250587472692132 -1.776356799695581e-17 0.0</row3>
											</transform>
											<node>
												<identifier>Bip01 L Toe02</identifier>
												<transform>
													<row0>1.0 -7.261011216385619e-15 -1.4210856409267898e-14</row0>
													<row1>7.261011216387235e-15 1.0 1.1368685127414319e-13</row1>
													<row2>1.421085640926707e-14 -1.1368685127414329e-13 1.0</row2>
													<row3>-0.000250587472692132 -3.552713599391162e-17 0.0</row3>
												</transform>
											</node>
										</node>
									</node>
								</node>
							</node>
						</node>
						<node>
							<identifier>Bip01 R Thigh</identifier>
							<transform>
								<row0>-0.997241910474307 2.0265576871457457e-06 0.07421975471158215</row0>
								<row1>-2.0274567565129592e-06 -0.9999999999979428 6.322895960499625e-08</row1>
								<row2>0.07421975471155759 -8.742277468294252e-08 0.9972419104763641</row2>
								<row3>0.09925597906112671 -0.10105154663324356 0.005647382698953152</row3>
							</transform>
							<node>
								<identifier>Bip01 R Calf</identifier>
								<transform>
									<row0>0.9800665094553808 1.136868208745205e-13 0.19866966815280623</row0>
									<row1>-1.0295084975995065e-13 1.0 -6.436886427466306e-14</row1>
									<row2>-0.19866966815280623 4.263255696941738e-14 0.9800665094553808</row2>
									<row3>-0.00837787613272667 9.53674295089968e-09 0.0</row3>
								</transform>
								<node>
									<identifier>Bip01 R Foot</identifier>
									<transform>
										<row0>0.9950041598226436 1.192094864335593e-07 -0.09983347101859563</row0>
										<row1>-1.1861395262751212e-07 0.9999999999999928 1.1900920042703745e-08</row1>
										<row2>0.09983347101859633 1.77653832908013e-13 0.9950041598226507</row2>
										<row3>-0.00837787613272667 9.53674295089968e-09 1.907348590179936e-08</row3>
									</transform>
									<node>
										<identifier>Bip01 R Toe0</identifier>
										<transform>
											<row0>1.9470716645114914e-07 0.0 -0.999999999999981</row0>
											<row1>4.3711352759600274e-08 0.999999999999999 8.510913637568549e-15</row1>
											<row2>0.99999999999998 -4.37113527596011e-08 1.9470716645114896e-07</row2>
											<row3>-0.001926956232637167 2.8610228852699038e-08 0.00247986800968647</row3>
										</transform>
										<node>
											<identifier>Bip01 R Toe01</identifier>
											<transform>
												<row0>1.0 4.485750963387214e-15 -1.4210854715202004e-14</row0>
												<row1>-4.485750963387214e-15 1.0 -4.2351639789650327e-22</row1>
												<row2>1.4210854715202004e-14 4.235164616428585e-22 1.0</row2>
												<row3>-0.00025133133749477565 0.0 -7.105427198782324e-17</row3>
											</transform>
											<node>
												<identifier>Bip01 R Toe02</identifier>
												<transform>
													<row0>1.0 6.132916982419523e-14 -1.4210854715202004e-14</row0>
													<row1>-6.132916982419523e-14 1.0 -2.1175736591113572e-22</row1>
													<row2>1.4210854715202004e-14 2.117582374510579e-22 1.0</row2>
													<row3>-0.000251340854447335 0.0 0.0</row3>
												</transform>
											</node>
										</node>
									</node>
								</node>
							</node>
						</node>
					</node>
					<node>
						<identifier>bone17</identifier>
						<transform>
							<row0>-0.29314237691440687 -2.384185324636512e-06 0.9560687981789215</row0>
							<row1>1.5246118491140537e-06 0.9999999999944535 2.9612028667152754e-06</row1>
							<row2>-0.9560687981806787 2.3256878651464892e-06 -0.29314237690914596</row2>
							<row3>-0.030817413702607155 2.3931079340400174e-07 -0.06654946506023407</row3>
						</transform>
						<node>
							<identifier>bone18</identifier>
							<transform>
								<row0>0.8855050104906093 1.1920935924161585e-07 -0.4646298272775991</row0>
								<row1>-1.054559822030922e-07 0.9999999999999928 5.558738827831929e-08</row1>
								<row2>0.4646298272776024 -2.2491604412640974e-10 0.8855050104906156</row2>
								<row3>-0.14809247851371765 -1.6633416421996117e-08 -3.814697180359872e-08</row3>
							</transform>
							<node>
								<identifier>bone19</identifier>
								<transform>
									<row0>0.46589285790669505 -0.7230198485042982 -0.5100844475382029</row0>
									<row1>0.21795167570083804 -0.46493818348340465 0.8580964704497674</row1>
									<row2>-0.8575784654125491 -0.5109547466120996 -0.059027987988210476</row2>
									<row3>-0.04484018310904503 0.09077997505664825 -0.0021638870239257812</row3>
								</transform>
								<node>
									<identifier>bone20</identifier>
									<transform>
										<row0>-0.169099122747591 0.9855989891820348 2.458691157336541e-07</row0>
										<row1>-0.9855989891819966 -0.16909912274766717 3.3154433665174846e-07</row1>
										<row2>3.6834605876456776e-07 -1.8626451766287833e-07 0.9999999999999148</row2>
										<row3>-0.20434214174747467 1.9073486612342094e-07 3.814697180359872e-08</row3>
									</transform>
									<node>
										<identifier>bone21</identifier>
										<transform>
											<row0>0.9997771376536272 0.018944321189269808 -0.009315992689885694</row0>
											<row1>-0.019180231965079012 0.9994799518055969 -0.02592189500109255</row1>
											<row2>0.00882007469425557 0.02609479933215583 0.9996205022511875</row2>
											<row3>-0.46645650267601013 -4.341125531936996e-05 -7.82108327257447e-05</row3>
										</transform>
									</node>
								</node>
							</node>
							<node>
								<identifier>bone22</identifier>
								<transform>
									<row0>0.46587178509529514 0.7230928006028394 -0.5100002760474404</row0>
									<row1>0.2177719312697745 0.46494364530848165 0.8581391452662519</row1>
									<row2>0.8576356253113299 -0.5108465605283088 0.059134810334025775</row2>
									<row3>-0.04484018310904503 -0.09077943861484528 -0.0021639252081513405</row3>
								</transform>
								<node>
									<identifier>bone23</identifier>
									<transform>
										<row0>-0.16909921059485675 0.9855990345856586 -1.1920928955078042e-07</row0>
										<row1>-0.9855990345856629 -0.16909921059486427 -5.593826202243642e-08</row1>
										<row2>-7.52908938043245e-08 1.0803344474484968e-07 0.9999999999999913</row2>
										<row3>-0.2043420970439911 1.907348590179936e-08 1.907348590179936e-08</row3>
									</transform>
									<node>
										<identifier>bone24</identifier>
										<transform>
											<row0>0.9997775069725637 0.018840821669285978 0.009484724063014396</row0>
											<row1>-0.01908089187009322 0.9994825823140201 0.02589146591165173</row1>
											<row2>-0.008992000543004723 -0.026066683788975763 0.9996197636714073</row2>
											<row3>-0.466434508562088 5.722046125811175e-07 -1.9931792394345393e-06</row3>
										</transform>
									</node>
								</node>
							</node>
						</node>
						<node>
							<identifier>bone25</identifier>
							<transform>
								<row0>-0.5575209357434331 -0.7233477957318686 -0.4073553394981017</row0>
								<row1>-0.04302398043046238 -0.4648575216792779 0.8843395397957273</row1>
								<row2>-0.8290472503516828 0.5105638558966415 0.22804649906601823</row2>
								<row3>-0.04811106622219086 0.09524116665124893 -0.036592233926057816</row3>
							</transform>
							<node>
								<identifier>bone26</identifier>
								<transform>
									<row0>-0.16882228469373423 0.9839824811524535 0.05724956747303311</row0>
									<row1>-0.9855999018546766 -0.16909979542734338 1.5793906095374322e-07</row1>
									<row2>0.00968103632470716 -0.05642508760785414 0.9983598985456725</row2>
									<row3>-0.20434223115444183 -5.7220457705398076e-08 -9.298324243900424e-08</row3>
								</transform>
								<node>
									<identifier>bone27</identifier>
									<transform>
										<row0>0.999882244000005 0.009663789887648539 -0.011915959434131205</row0>
										<row1>-0.009978505439574951 0.9995952642093007 -0.0266408933696069</row1>
										<row2>0.011653685317538335 0.026756661305419926 0.9995740456285902</row2>
										<row3>-0.46643614768981934 -6.484985419774603e-07 -1.5830993334020604e-06</row3>
									</transform>
								</node>
							</node>
						</node>
						<node>
							<identifier>bone28</identifier>
							<transform>
								<row0>-0.5581051060891206 0.7228946024553685 -0.40735989529916444</row0>
								<row1>-0.04296455239348548 0.4650964621387528 0.884216787978855</row1>
								<row2>0.8286571895511914 0.5109879398253059 -0.22851386732146173</row2>
								<row3>-0.048111047595739365 -0.095240019261837 -0.03659234941005707</row3>
							</transform>
							<node>
								<identifier>bone29</identifier>
								<transform>
									<row0>-0.16882245601906073 0.9839824102582566 -0.05724923961729517</row0>
									<row1>-0.9855988751265379 -0.16909978752205898 1.0914330106162768e-07</row1>
									<row2>-0.009680728014028287 0.05642481132085735 0.9983599171503852</row2>
									<row3>-0.2043420374393463 -3.814697180359872e-08 1.0251999071897444e-07</row3>
								</transform>
								<node>
									<identifier>bone30</identifier>
									<transform>
										<row0>0.9998845075540519 0.009819149356045649 0.011594681971879801</row0>
										<row1>-0.010117497719733252 0.9996117959424753 0.025959461715338042</row1>
										<row2>-0.011335281713142598 -0.02607377431613862 0.9995957531329326</row2>
										<row3>-0.46646490693092346 -6.336212391033769e-05 -5.221367018748424e-07</row3>
									</transform>
								</node>
							</node>
						</node>
					</node>
				</node>
			</node>
			<node>
				<identifier>Dummy03</identifier>
				<transform>
					<row0>1.4547250270843401 1.7341673697046523e-07 -2.842170895871073e-14</row0>
					<row1>-1.685328986236907e-16 -2.3700481872305313e-07 -1.4547250270843313</row1>
					<row2>-1.7341673697046756e-07 1.4547250270843208 -2.3700481872305144e-07</row2>
					<row3>-0.36415496468544006 -0.3629269003868103 -0.01921136863529682</row3>
				</transform>
				<node>
					<identifier>IK Chain03</identifier>
					<transform>
						<row0>0.6874150037765503 -7.1054271720039675e-15 -9.578577259708725e-22</row0>
						<row1>7.1054271720039675e-15 0.6874150037765503 -7.105423096161872e-15</row1>
						<row2>9.578577994156854e-22 7.105423096161872e-15 0.6874150037765503</row2>
						<row3>-0.019284000620245934 0.0021126579958945513 -0.0011501885019242764</row3>
					</transform>
				</node>
			</node>
			<node>
				<identifier>Dummy02</identifier>
				<transform>
					<row0>1.4547250270843401 1.7341673697046523e-07 -2.842170895871073e-14</row0>
					<row1>-1.685328986236907e-16 -2.3700481872305313e-07 -1.4547250270843313</row1>
					<row2>-1.7341673697046756e-07 1.4547250270843208 -2.3700481872305144e-07</row2>
					<row3>-0.36415499448776245 0.21184392273426056 -0.01921144686639309</row3>
				</transform>
				<node>
					<identifier>IK Chain02</identifier>
					<transform>
						<row0>0.6874150037765503 -7.1054271720039675e-15 -9.578577259708725e-22</row0>
						<row1>7.1054271720039675e-15 0.6874150037765503 -7.105423096161872e-15</row1>
						<row2>9.578577994156854e-22 7.105423096161872e-15 0.6874150037765503</row2>
						<row3>-0.012796287424862385 0.00018170237308368087 0.0032001209910959005</row3>
					</transform>
				</node>
			</node>
			<node>
				<identifier>Dummy01</identifier>
				<transform>
					<row0>1.4547250270843401 1.7341673697046523e-07 -2.842170895871073e-14</row0>
					<row1>-1.685328986236907e-16 -2.3700481872305313e-07 -1.4547250270843313</row1>
					<row2>-1.7341673697046756e-07 1.4547250270843208 -2.3700481872305144e-07</row2>
					<row3>0.3885264992713928 0.21184411644935608 -0.01921137049794197</row3>
				</transform>
				<node>
					<identifier>IK Chain01</identifier>
					<transform>
						<row0>0.6874150037765503 -7.1054271720039675e-15 -9.578577259708725e-22</row0>
						<row1>7.1054271720039675e-15 0.6874150037765503 -7.105423096161872e-15</row1>
						<row2>9.578577994156854e-22 7.105423096161872e-15 0.6874150037765503</row2>
						<row3>0.00022306441678665578 0.00018160582112614065 0.003199930302798748</row3>
					</transform>
				</node>
			</node>
			<node>
				<identifier>Dummy04</identifier>
				<transform>
					<row0>1.4547250270843401 1.7341673697046523e-07 -2.842170895871073e-14</row0>
					<row1>-1.685328986236907e-16 -2.3700481872305313e-07 -1.4547250270843313</row1>
					<row2>-1.7341673697046756e-07 1.4547250270843208 -2.3700481872305144e-07</row2>
					<row3>0.3885265290737152 -0.3629266619682312 -0.019211314618587494</row3>
				</transform>
				<node>
					<identifier>IK Chain04</identifier>
					<transform>
						<row0>0.6874150037765503 -7.1054271720039675e-15 -9.578577259708725e-22</row0>
						<row1>7.1054271720039675e-15 0.6874150037765503 -7.105423096161872e-15</row1>
						<row2>9.578577994156854e-22 7.105423096161872e-15 0.6874150037765503</row2>
						<row3>0.006710262503474951 0.0021126545034348965 -0.0011503791902214289</row3>
					</transform>
				</node>
			</node>
		</node>
	</node>
	<anim>
		<name>ability1</name>
		<res>/ability1.anim</res>
		<durationMS>5200</durationMS>
		<_ModifyTime>1723174411</_ModifyTime>
		<motion>
			<trans />
		</motion>
	</anim>
	<anim>
		<name>attack1</name>
		<res>/attack1.anim</res>
		<durationMS>1400</durationMS>
		<_ModifyTime>1723174412</_ModifyTime>
		<motion>
			<trans />
		</motion>
	</anim>
	<anim>
		<name>attack2</name>
		<res>/attack2.anim</res>
		<durationMS>1400</durationMS>
		<_ModifyTime>1723174413</_ModifyTime>
		<motion>
			<trans />
		</motion>
	</anim>
	<anim>
		<name>die</name>
		<res>/die.anim</res>
		<durationMS>6366</durationMS>
		<_ModifyTime>1723174417</_ModifyTime>
		<motion>
			<trans />
		</motion>
	</anim>
	<anim>
		<name>idle1</name>
		<res>/idle1.anim</res>
		<durationMS>3200</durationMS>
		<_ModifyTime>1723174419</_ModifyTime>
		<motion>
			<trans />
		</motion>
	</anim>
	<anim>
		<name>walk</name>
		<res>/walk.anim</res>
		<durationMS>666</durationMS>
		<_ModifyTime>1723174420</_ModifyTime>
		<motion>
			<trans />
		</motion>
	</anim>
</Root>