<?xml version="1.0" encoding="utf-8"?>
<Resource>
	<Version>1</Version>
	<SSkinSkeletonData>
		<Root>
			<Sub/>
			<Entity type="SSkinSkeletonData">
				<Bones count="31" ordered="true">
					<Element index="0">
						<Transform rawdata="SGJ4twAAgD++2/E3bxquPWSK+zfCEn+/whJ/vwVdTrdvGq690IupPUEaXre2ps4+">(-0.00001480483461422,1.00000005907942158,0.00002883176496009,0.08501135456383674,0.00002998597430206,-0.99637998208317269,-0.99637998242439552,-0.00001230021418709,-0.08501135496312384,0.08278620599317876,-0.00001323834426221,0.40361563918703636)</Transform>
						<Name>biped Spine1</Name>
					</Element>
					<Element index="1">
						<Transform rawdata="oTPJvgzeMr/TChk//XNMP2/WgD2uNxk/oVzpvsFvNj/WhQg/dHq9PQIefL10DC2/">(-0.39297200892002426,-0.69870064012272315,0.59782141124382804,0.79864481546150434,0.06290900066503914,0.59850583032999272,-0.45578483582693358,0.71264271181910444,0.53329219920983806,0.09251871415616686,-0.06155205437236383,-0.67597127723654027)</Transform>
						<Name>biped L Hand</Name>
					</Element>
					<Element index="2">
						<Transform rawdata="WNTIvoV0Lj/6Kx4/eb5APzCYF762KSQ/j0kHPwl7Nz8z9+i+p+TbO6YUQz1ZfCy/">(-0.39224506557811467,0.68146546544576481,0.61785855728811301,0.75290639423880212,-0.14804148771419082,0.64126148647142722,0.52846616287144321,0.71672109873148715,-0.45501097348485536,0.0067106069138789,0.04762711422933305,-0.67377241119070963)</Transform>
						<Name>biped L Toe</Name>
					</Element>
					<Element index="3">
						<Transform rawdata="HkjivpFejD4+p1o/M5NgP9rSiL2yY/M+8OI/PqiYdT+9Cli+p0NzvRr+obsN/A2/">(-0.4419564493267098,0.27415897990369842,0.85411443019543754,0.8772460570014522,-0.06680841903365403,0.47536999232228655,0.18738913212745706,0.95936060666937628,-0.21097845987548666,-0.0593906918975968,-0.0049436212475857,-0.55462722633917905)</Transform>
						<Name>biped_bone04</Name>
					</Element>
					<Element index="4">
						<Transform rawdata="3NvlvhirJL5LBGE/33VjPwPTxDwOm+o+UijCvemXfD/uQwc+pIW/vOhBl70rfhO/">(-0.44894300404042797,-0.16080892706432282,0.87897174850362048,0.88851734783773972,0.0240263987457526,0.45821422429789888,-0.09480346914147987,0.98669295260541656,0.13209506137507046,-0.02337915446313908,-0.07385617332671945,-0.5761439016315747)</Transform>
						<Name>biped_bone08</Name>
					</Element>
					<Element index="5">
						<Transform rawdata="9uXIPgsXMz+s4Rg/tHZMPxvSgD0fNBm/DZbpvuE3Nj/ltwi/RkS9Pf4Zeb1cFC0/">(0.39237945113526967,0.6995703302233266,0.59719347539747736,0.79868624765599316,0.06290074527785246,-0.59845156397081467,-0.45622292729332992,0.71179014248771477,-0.53405598745156779,0.09241537598731359,-0.06081580545739651,0.67609192171452581)</Transform>
						<Name>biped R Hand</Name>
					</Element>
					<Element index="6">
						<Transform rawdata="MZjIPnemLr/oBx4/U7VAP1OjF77IMyS/1GwHP+ZKNz+wPOk+tKfbOz/jQD36gSw/">(0.39178612260893675,-0.68222757747798846,0.61730816231061281,0.75276678179132472,-0.14808397437530879,-0.64141513269821371,0.52900431750983934,0.71598658386245506,0.45554114756820369,0.00670334154360422,0.04709171855366534,0.67385826971760787)</Transform>
						<Name>biped R Toe</Name>
					</Element>
					<Element index="7">
						<Transform rawdata="3w3iPqNtjL7is1o/QqNgPze2iL1VKfO+Xcg/PsiWdT/mRFg+kBt1vb5Kpbt2AA4/">(0.44151206902164147,-0.27427397435715972,0.85430728391009558,0.87749109821304827,-0.06675379816508396,-0.47492471729597202,0.18728775689753324,0.95933197415189064,0.21120032566143587,-0.05984074012560267,-0.00504431030448065,0.55469453794489121)</Transform>
						<Name>biped_bone16</Name>
					</Element>
					<Element index="8">
						<Transform rawdata="j94fPzIGjb44GTs/wQg/PyjKhr0ElSm/0hdsPi6FdT+EYig+ENr7vWUBwbuDwQ0/">(0.62448974332561358,-0.27543790412253522,0.73085357135129747,0.74622729835644075,-0.06581527169871919,-0.66243005603421956,0.23055961766259431,0.95906343304902086,0.1644383013257063,-0.12297451405813976,-0.00589005873869868,0.5537340138787179)</Transform>
						<Name>biped_bone17</Name>
					</Element>
					<Element index="9">
						<Transform rawdata="+dLlPsnxIz4CD2E/lnpjP7OsxDzMiOq+bGzBvXuffD/ipAa+ENLAvBIAmL11fBM/">(0.44887522921727691,0.16010202727710998,0.87913524675658594,0.88858928513762214,0.0240081301128221,-0.45807491619156993,-0.09444507671239417,0.98680846700372682,-0.13148834592098654,-0.02353766512677626,-0.07421888357612345,0.57611781133447626)</Transform>
						<Name>biped_bone12</Name>
					</Element>
					<Element index="10">
						<Transform rawdata="fI4rP/c7Hz5qyzk/4Uw7P96R1jw0Yi6/Jt7/vQnMfD+FDsW9D554vQQMnr2Chg8/">(0.67014288878192296,0.15550218183225176,0.72576008580819595,0.73164182875081252,0.02619260248096402,-0.68118595206340304,-0.12493543230999732,0.98748835812849201,-0.096219102928968,-0.06069761221100991,-0.07717135286311956,0.56064617031786945)</Transform>
						<Name>biped_bone13</Name>
					</Element>
					<Element index="11">
						<Transform rawdata="JOSmswAAgD/wMgw1/zOqvZxyDbVKHX8/Sx1/PxU0EjP+M6o9hROiPtRtXTSbRg+/">(-0.00000007771475911,1.00000005960450888,0.00000052228185838,-0.08310698733494253,-0.00000052693373134,0.99654069093463693,0.99654075033323419,0.00000003404064389,0.08310698238140915,0.31655517207647865,0.00000020622184021,-0.55967110818214449)</Transform>
						<Name>biped Spine4</Name>
					</Element>
					<Element index="12">
						<Transform rawdata="kHO3NAAAgD+eH9g0BOcxP5xyDbVhFTg/YxU4PxI0EjMD5zG/W6igvHNtXTRVvFO/">(0.00000034170490297,1.00000005960450888,0.00000040256138365,0.69493129290887146,-0.00000052693372375,0.71907622215943534,0.719076307880123,0.00000003404063007,-0.6949312100666889,-0.01961152811354117,0.00000020622045821,-0.82709248131253899)</Transform>
						<Name>biped Spine5</Name>
					</Element>
					<Element index="13">
						<Transform rawdata="XlnwtAAAgD8E+rI055wbv2wbELVYRks/WEZLP6sbJDTnnBs//9aiPlDDZzQvvZm+">(-0.00000044768505967,1.00000005960449267,0.00000033336994752,-0.60786287891128554,-0.00000053684086687,0.79404208934457343,0.79404208934462872,0.00000015283755499,0.6078628789114312,0.31804654678875544,0.00000021584605407,-0.3002714709522547)</Transform>
						<Name>biped Spine3</Name>
					</Element>
					<Element index="14">
						<Transform rawdata="TWJ4twAAgD/F2/E3fBquPWqK+zfDEn+/xBJ/vwRdTrd8Gq69SMCvPkUaXrezps4+">(-0.00001480483916345,1.00000005907942113,0.00002883177770032,0.08501145442576748,0.00002998598662826,-0.99638003381645313,-0.99638009354656143,-0.00001230021332404,-0.08501144975797696,0.34326387222706706,-0.00001323834784091,0.40361556074687505)</Transform>
						<Name>biped Head</Name>
					</Element>
					<Element index="15">
						<Transform rawdata="tF1htAAAgD+6alo1VDYUPya1UjV0u1C/dbtQv4YHoTRTNhS/QU4dPtGfqrTmBgg/">(-0.0000002098884722,1.00000005960429528,0.00000081366638745,0.57895396924040154,0.00000078494699346,-0.8153603256640326,-0.8153603742636516,0.00000029994061584,-0.57895393473201417,0.1536188324430367,-0.0000003178125005,0.53135527945364958)</Transform>
						<Name>biped_bone25</Name>
					</Element>
					<Element index="16">
						<Transform rawdata="KI6FtwAAgD8Q0ew3XMX9PWSK+zfwBn6/8QZ+vwVdTrdbxf295J/aveQxXreZJtA+">(-0.00001592103156529,1.00000005907942158,0.00002823074436962,0.12391159136367269,0.00002998597559598,-0.99229338246081966,-0.99229344193147218,-0.00001230021487137,-0.12391158439029132,-0.10675028146979654,-0.00001324384717723,0.40654446694626684)</Transform>
						<Name>biped Spine2</Name>
					</Element>
					<Element index="17">
						<Transform rawdata="1DpOv2kNjT7jRwa/lmUPv7p3hr3rZlM/V7FFPtOEdT+JLlQ+WV92PvSAwrthNEa+">(-0.80558516196277874,0.27549293491437121,-0.52453439515820044,-0.56014384465048539,-0.0656580481136366,0.82578914766838518,0.19305930944376998,0.95905796836957968,0.20720877165833299,0.24059810377968902,-0.00593578259989123,-0.19355918097898239)</Transform>
						<Name>biped_bone06</Name>
					</Element>
					<Element index="18">
						<Transform rawdata="W8cfv2gNjT6qKzs/eB8/P8F3hr1sfCk/De1rPtOEdT8hpii+3yf8vcCAwrsCuw2/">(-0.62413564916548037,0.27549290390926418,0.73113498989394987,0.74657393153134022,-0.06565810349163943,0.66205478430506015,0.2303964692349928,0.95905797348467636,-0.16469623770146555,-0.12312292304199027,-0.00593575856897344,-0.55363478911592612)</Transform>
						<Name>biped_bone05</Name>
					</Element>
					<Element index="19">
						<Transform rawdata="Inxcv8o1H77isfe+uIL8vuJt2DwXmV4/qrL6vd7LfD8apMu9Q5l6PiEvnr1JYkG+">(-0.8612691238424619,-0.15547863312483493,-0.48377902574317666,-0.49318481350599541,0.02641958412903016,0.86952347496660554,-0.12241108798354958,0.98748577802292692,-0.09943409053713033,0.24472527814437728,-0.0772383279052352,-0.18885149677651727)</Transform>
						<Name>biped_bone10</Name>
					</Element>
					<Element index="20">
						<Transform rawdata="xYUrv8w1H77N0zk/XVM7P91t2DysWi4/QxIAvt7LfD+tv8Q9YLx4vSQvnr2IhA+/">(-0.67000989768520991,-0.15547865883080503,0.72588806035761533,0.73174076909998176,0.02641957379359166,0.68107106944550921,-0.12506966962235139,0.98748577425206652,0.09606872036172215,-0.06072652228269239,-0.07723835108171678,-0.56061604085186612)</Transform>
						<Name>biped_bone09</Name>
					</Element>
					<Element index="21">
						<Transform rawdata="Cxcbv1zfMb9AcMa+EFQXv3NSiT38xE0/nFEIv3lPNz+jFue+rQWlPrQuh70YG+29">(-0.60582036522580329,-0.69481441533135624,-0.38757515171224982,-0.59112644920171864,0.06705179424290345,0.80378702208424502,-0.53249526395249958,0.71605638515274472,-0.45134457447073378,0.32230893790943882,-0.06600704463919571,-0.11577433389080707)</Transform>
						<Name>biped_bone23</Name>
					</Element>
					<Element index="22">
						<Transform rawdata="ldkSv1vfMb9wGt4+OIMMP3NSiT01TVU/uKYbv3lPNz83ka8+ONXMPbUuh71/shq/">(-0.57363256528921958,-0.6948144071792729,0.4337954639172491,0.54887726503395617,0.06705178698761875,0.83320934027331617,-0.60801268734176372,0.71605639374238272,0.34290478381924566,0.100016055218594,-0.0660070584404801,-0.60428613499045203)</Transform>
						<Name>biped L Forearm</Name>
					</Element>
					<Element index="23">
						<Transform rawdata="hCtOPykGjb5QYQa/54APv/jJhr2UU1O/wXNFPjGFdT+YYVS+G352PmoCwbsdEUY+">(0.80535147908077875,-0.27543762706352737,-0.52492236286453042,-0.56056063732863648,-0.06581491489001726,-0.82549403510316355,0.192824386054886,0.95906359925343954,-0.20740354428773766,0.24071543185244232,-0.00589018050045318,0.19342465365474693)</Transform>
						<Name>biped_bone18</Name>
					</Element>
					<Element index="24">
						<Transform rawdata="AHZcP/47Hz65xve+ZJT8vleS1jyGlF6/F+/6vQnMfD+ETcs9tKJ6PgYMnr21XEE+">(0.86117552071358494,0.15550229055970968,-0.48393801108508838,-0.49331962991436296,0.02619282717719238,-0.86945380381262538,-0.12252633873361021,0.98748833504693656,0.09926894217924984,0.24476129185626547,-0.07717136826628629,0.1888302176973074)</Transform>
						<Name>biped_bone14</Name>
					</Element>
					<Element index="25">
						<Transform rawdata="eygbP7DiMT/LLca+uloXv41Wiz2quk2/XTYIvy5GNz9bdOc+3AWlPu+rh70F3Ow9">(0.60608644652064048,0.69486524657100812,-0.38706811405543773,-0.59122814073330265,0.06803617543514015,-0.80362952146018318,-0.53207952803911285,0.71591460773470439,0.45205958381527944,0.32231031890491108,-0.06624590490294749,0.11565403081778429)</Transform>
						<Name>biped_bone21</Name>
					</Element>
					<Element index="26">
						<Transform rawdata="a8ASP7fiMT9EUt4+SXcMP7dWiz3YT1W/PckbvyhGNz+vPa++VxDNPeirh73brxo/">(0.57324853763699912,0.69486567197683313,0.43422139676947596,0.54869517260365464,0.06803649235977925,-0.83324958554043094,-0.60853939765295151,0.71591424797449787,-0.34226747726532009,0.10012882283837074,-0.06624585043774905,0.60424586900426525)</Transform>
						<Name>biped R Forearm</Name>
					</Element>
					<Element index="27">
						<Transform rawdata="Ha4Pv8ktLj8xR/E+V98FPxxmGb51z1Y/4TkkPzmmNz9MH4u+ZVQGPPPZSD28zyO/">(-0.56125051672353687,0.6803861060572659,0.47124628495271897,0.52293914978136835,-0.14980357996097443,0.83910306123270317,0.64150817728390985,0.71738011553277758,-0.27172314657661439,0.00819883257063916,0.04903597818748796,-0.63988851281376558)</Transform>
						<Name>biped L Foot</Name>
					</Element>
					<Element index="28">
						<Transform rawdata="vB8av8gtLj//8tW+BiMsvxpmGb6LkDk/9HXcPjqmNz8vNQw/9/SRPv/ZSD3O5SO+">(-0.60204673862982983,0.68038603998245728,-0.41786953018856871,-0.6724094339335287,-0.14980355312601717,0.72486180230212993,0.43058740817747887,0.71738018380390534,0.54768653672752743,0.28507205999183022,0.04903602299008115,-0.16005631619053967)</Transform>
						<Name>biped L Calf</Name>
					</Element>
					<Element index="29">
						<Transform rawdata="XasPP0YwLr+BRvE+wNEFP/OmGb4E1Va/XEckP3KgNz8K/oo+C8MHPMAUST3j0CM/">(0.56120855121873425,-0.68042408949623989,0.47124101642716842,0.52273178162969791,-0.15005092715114124,-0.83918786268799428,0.64171386531057073,0.71729197520556165,0.27146940076893639,0.00828624755775556,0.0490920541384773,0.63990610521770785)</Transform>
						<Name>biped R Foot</Name>
					</Element>
					<Element index="30">
						<Transform rawdata="ph4aP0gwLr/r7dW+Aiwsv/amGb7YhDm/4lzcPnCgNz+YRgy/PPqRPp8UST3E0CM+">(0.60203017430941475,-0.68042420891771704,-0.41783078529432749,-0.67254652409985738,-0.15005096658103145,-0.72468329658499664,0.4303961455940043,0.71729185367380066,-0.54795214618708032,0.28511225746982155,0.04909193208573387,0.15997606129678241)</Transform>
						<Name>biped R Calf</Name>
					</Element>
				</Bones>
			</Entity>
		</Root>
	</SSkinSkeletonData>
</Resource>
