<?xml version="1.0" encoding="utf-8"?>
<Resource>
	<Version>1</Version>
	<SSkinSkeletonData>
		<Root>
			<Sub/>
			<Entity type="SSkinSkeletonData">
				<Bones count="68" ordered="true">
					<Element index="0">
						<Transform rawdata="SUNdvv99jj0fUXm/e7FlP/gpwr7/lme+3CbFvgk1bL8P3588Uw/zvcB4wD3M2lU+">(-0.21607698341933648,0.06957625443077234,-0.97389408181680215,0.89723938954942983,-0.3792264344681498,-0.22616193888290684,-0.38506208736264885,-0.92268424599178123,0.01951554212405999,-0.11868157359251683,0.09398031298392034,0.20884245497291895)</Transform>
						<Name>Bone30</Name>
					</Element>
					<Element index="1">
						<Transform rawdata="YcUqswAAgD8yt7G02Od/v7UaBLNob948aG/ePMs6sjTY538/mKnhPg5WLDFrmxi+">(-0.00000003976072368,0.99999999999994449,-0.00000033102109999,-0.99963141584660575,-0.00000003075793386,0.0271527322958729,0.02715273229586121,0.000000331978624,0.99963141584655146,0.44074701671410527,0.00000000250782109,-0.14903037058738722)</Transform>
						<Name>Bone06</Name>
					</Element>
					<Element index="2">
						<Transform rawdata="k0NdPp4wj72BT3m/ArhlPw8Awr5gu2c+KwjFvvI7bL9pv5y8vRjzvRBSwD3i4FW+">(0.21607808580524857,-0.06991694834055466,-0.9738694113965003,0.89733897174738164,-0.37890670775946067,0.22630071138010593,-0.38482795348194682,-0.92278971077523564,-0.01913424042274032,-0.11869952554571399,0.09390651897977324,-0.20886567101368597)</Transform>
						<Name>Bone40</Name>
					</Element>
					<Element index="3">
						<Transform rawdata="P7hiu1D/fz8180G7pMl5PzjXgzsjLmA+qDBgPs6bC7vmyXm/uFgTvr3gYrqfsnO+">(-0.00345946835632395,0.9999895176257686,-0.00295944265459438,0.97573305324932535,0.00402345858620801,0.2189260002518722,0.21893561258256758,-0.00213025844703574,-0.9757369769117552,-0.14389312797756257,-0.00086547046435975,-0.23798606692342633)</Transform>
						<Name>Bone35</Name>
					</Element>
					<Element index="4">
						<Transform rawdata="PKHDMwAAgD8xShM1pI5wv+24kjQOI6++DiOvvj8KArWkjnA/emkZPn6MjLObBqU9">(0.00000009109723608,0.99999999999984523,0.00000054869728097,-0.93967653832595821,0.0000002732917012,-0.34206432628917788,-0.34206432628927491,-0.00000048443684688,0.93967653832583786,0.14981642925583979,-0.00000006544813643,0.08057900884372285)</Transform>
						<Name>Bip01</Name>
					</Element>
					<Element index="5">
						<Transform rawdata="SirvMQAAgD959LK0E1x+v6caBLOaeOe9mnjnvQs7sjQTXH4/dD+9PkxRLDEE4K+9">(0.00000000696062306,0.9999999999999446,-0.00000033332959746,-0.99359243228984095,-0.00000003075788382,-0.11302299635763127,-0.11302299635763524,0.0000003319804364,0.99359243228978555,0.36962472041572003,0.00000000250755057,-0.08587649661519167)</Transform>
						<Name>Bone05</Name>
					</Element>
					<Element index="6">
						<Transform rawdata="Tk9wtAAAgD/ZhQoztLUQPqZlpa9Rbn0/UW59P7/KcjS0tRC+svK5vVl/XzFQVgq/">(-0.00000022380593118,0.99999999999997458,0.00000003225236161,0.14131814237725171,-0.0000000003008555,0.98996453405248674,0.98996453405246132,0.00000022611764343,-0.14131814237724805,-0.09079493408620734,0.00000000325231592,-0.54037950468608043)</Transform>
						<Name>Bip01 head</Name>
					</Element>
					<Element index="7">
						<Transform rawdata="6fyZvF2iYL3JkX8/CUdev73v/T6HijI8w9D9vuHZXb/yOmm99K0tP3Pq4r6g1cQ9">(-0.01879735452856369,-0.05484233983191216,0.99831825163187105,-0.86827139918890217,0.4959696971569435,0.01089728514306861,-0.49573335173515826,-0.86660582851055035,-0.05694098052509709,0.67843557642436281,-0.44319494833918704,0.09611057894697879)</Transform>
						<Name>Bone55</Name>
					</Element>
					<Element index="8">
						<Transform rawdata="TgT+PT2Z0T7RZWc/bwB1vxd2lD7t8ki0ozGGvst0Xb/8Ads+pk8zPzhAaL5rC+w9">(0.12403164597964415,0.40937224433866581,0.9038973721821858,-0.95703784598834041,0.28996346101042747,-0.00000018714827196,-0.26209744327166257,-0.86506335211378804,0.42774952924743737,0.70043407827707749,-0.22680747809526569,0.11525615347995893)</Transform>
						<Name>Bone54</Name>
					</Element>
					<Element index="9">
						<Transform rawdata="5EWrPYmuiT2hhX4/7INdv6De/z6hth894gz9vjgSXb9ousw9W08rP/4R5b5ksgi+">(0.08362939635827736,0.06722742974546247,0.99422651330554346,-0.86529424476772143,0.49974535766426403,0.03899252839364212,-0.49423892324047985,-0.86355924715438492,0.09996491660195968,0.66917959340734701,-0.44740288789539567,-0.13349300363390515)</Transform>
						<Name>Bone49</Name>
					</Element>
					<Element index="10">
						<Transform rawdata="iAD+veSW0b5qZmc/gAB1v4Z1lD7rJSG0cDGGvnR1Xb91/9q+RkozP1KHaL7oz+q9">(-0.12402444991686924,-0.40935431959870644,0.90390644058177649,-0.95703887907812968,0.28995914440419351,-0.00000015008088217,-0.26209593918479351,-0.86507341905003332,-0.42773022651521919,0.70035205896550001,-0.22707870382724649,-0.1146543591827478)</Transform>
						<Name>Bone48</Name>
					</Element>
					<Element index="11">
						<Transform rawdata="2b35MwAAgD+IOcizAAAAjog5yDMAAIA/AACAP9m9+bNyVEMoqSTEPns1I7fR3AW/">(0.0000001162949917,0.9999999999999889,-0.00000009323690626,-0,0.00000009323690626,0.99999999999999567,0.99999999999999323,-0.0000001162949917,0.00000000000001084,0.38309219479448542,-0.00000972800927055,-0.52290064096360345)</Transform>
						<Name>Bone13</Name>
					</Element>
					<Element index="12">
						<Transform rawdata="PdEFPmPyb7zmxn2/PRbkPUJofj8UAbezwTJ8PyUb4r2upwY+mDahPcgGyb7qdjU+">(0.13068099072460695,-0.01464519210083917,-0.99131617991813059,0.11137054429495233,0.99377836009514409,-0.00000008521797949,0.98514944965454143,-0.11040333900342861,0.13149902286321558,0.07871741317427883,-0.39262985086699259,0.17721143113474164)</Transform>
						<Name>Bone59</Name>
					</Element>
					<Element index="13">
						<Transform rawdata="ZPn2O0DQRbvX/X+/+lW+PjWnbT8GHEK0QKVtP1VUvr56BQU8n0t/vYt90L4OqSQ+">(0.00753705406294135,-0.00301839413330812,-0.99996704052926233,0.37174970288192644,0.92833261031585956,-0.00000018077853024,0.92830278814585754,-0.37173713864418262,0.00811898116243642,-0.06232797906220078,-0.4072078198924925,0.16080113514274796)</Transform>
						<Name>Bone58</Name>
					</Element>
					<Element index="14">
						<Transform rawdata="oN8FvhL7P7+BAia/ZxbkPQiLIz9X4EK/SjJ8Px7dL76q1Og0UDGhPZW7xr4BUD8+">(-0.13073587563794828,-0.74992479339763785,-0.64847571087929501,0.11137085615405795,0.63884019748489307,-0.76123565946212324,0.9851423743227371,-0.17174193159976708,0.00000043368102022,0.07870733610071329,-0.38814990125719928,0.18682863362747992)</Transform>
						<Name>Bone67</Name>
					</Element>
					<Element index="15">
						<Transform rawdata="3Gz2u1DOmbyb8n+/IVa+Pr6YbT9wr6W8OKVtPxJgvr5oSRCyMEl/vTc80r7UiRu+">(-0.00752030129013883,-0.01877513531000898,-0.99979562742210637,0.37175085574189953,0.92811188640923603,-0.02022525687355543,0.92830226971156105,-0.37182671413526325,-0.00000000839859378,-0.06232565585937708,-0.41061565704190522,-0.15189296592585999)</Transform>
						<Name>Bone66</Name>
					</Element>
					<Element index="16">
						<Transform rawdata="LiXbPvcqKj/HwRw/Jj1XvwWYCj8TGQI1FLupviXMA7/bZEo/QW9AP1juZ77K6oI8">(0.42801804651787989,0.6647181133869271,0.61233180312126423,-0.84077682029726497,0.5413821139757663,0.00000048465260986,-0.33150542074125589,-0.51483376529955238,0.79060141496937342,0.75169761085522191,-0.22649514051842129,0.01598109649623138)</Transform>
						<Name>Bone23</Name>
					</Element>
					<Element index="17">
						<Transform rawdata="FQANPi9bLj53yXk/aA5Hv1P5ID+BtQc1MxEdv5E5Qr8hPGA+eIVYPxroxr4Z0lc+">(0.13769563099972454,0.17026971954679371,0.97573034368191081,-0.77756358237170831,0.62880438804332861,0.00000050555542083,-0.61354369156347188,-0.75869086832053756,0.21897937197431963,0.84578656333414537,-0.38848953644561468,0.21076239232651658)</Transform>
						<Name>Bone24</Name>
					</Element>
					<Element index="18">
						<Transform rawdata="NkshP7RLAT+jARc/bR4gv6G+Rz+gKho1a6XrvvPlvL5JuE4/DET/PtUC6L5DBSI8">(0.63005390051444388,0.50506138569296999,0.58986871116893702,-0.62546428266266396,0.78025248720675833,0.00000057431499477,-0.46024640354752994,-0.36894186427664971,0.80749946156074648,0.4985660291619699,-0.45314659677879127,0.0098889498791559)</Transform>
						<Name>Bone22</Name>
					</Element>
					<Element index="19">
						<Transform rawdata="NC0mP1IZEj/nvwA/LAgpv8NCQD8WsyA1/mLBvp0Fqr6eRF0/SczLPuAD3L6eQJK6">(0.64912724301813984,0.57069887413154086,0.50292821920135777,-0.66028094504914014,0.75101871913104368,0.00000059865249069,-0.37770836796767443,-0.33207409074297028,0.86432825103654509,0.39804296053883537,-0.42971707857910346,-0.00111581733262596)</Transform>
						<Name>Bone21</Name>
					</Element>
					<Element index="20">
						<Transform rawdata="TwENvvJcLr5FyXk/Wg5Hv235ID8AEEk0LREdv3s5Qr8qPmC+iIVYP/3nxr6S0le+">(-0.13770030383088072,-0.17027643346834703,0.97572737845751378,-0.77756272378642477,0.62880593261713535,0.00000018725405122,-0.61354334235605035,-0.75868957405275017,-0.21898714042847198,0.84578752686710168,-0.38848869454481594,-0.21076420267311832)</Transform>
						<Name>Bone18</Name>
					</Element>
					<Element index="21">
						<Transform rawdata="9CjbvrErKr+yvxw/SDxXv1yZCj+vhga1arqpvu3JA79wZkq/025AP2HzZ77k1IK8">(-0.42804683437224905,-0.66472915553663192,0.61230001858069305,-0.84076359317071037,0.54140254909572816,-0.00000050114883116,-0.33150035894787916,-0.51479987028896257,-0.79062557918089915,0.75169105009627391,-0.22651435394975883,-0.01597065456570386)</Transform>
						<Name>Bone17</Name>
					</Element>
					<Element index="22">
						<Transform rawdata="p/0fv61eAb/IUhg/9fYgv1YQRz/qh/a0GeTsvmONv75YwE2/L00AP5aj5r6zrji8">(-0.62496418412016119,-0.5053509142024073,0.59501313117491406,-0.6287682725242657,0.77759299393959913,-0.0000004591996109,-0.4626777548912423,-0.37412557640290561,-0.80371620075570083,0.50117772912376257,-0.45046679821476798,-0.01127212065505016)</Transform>
						<Name>Bone16</Name>
					</Element>
					<Element index="23">
						<Transform rawdata="J58nv+q2Eb+Nm/4+CvQnvyk0QT+efe60GyfAvjQKp75kGl6/h4/KPpcn3b50NZ86">(-0.65477219426937316,-0.56919727051636682,0.49728051540279788,-0.65606746275004746,0.75470215881708225,-0.00000044422352083,-0.37529835855274585,-0.32624972075852743,-0.86759015960719876,0.39562626915294669,-0.43194266028675549,0.00121466680868365)</Transform>
						<Name>Bone15</Name>
					</Element>
					<Element index="24">
						<Transform rawdata="yRRVPqm+eb+CZJC9LF56P9+cVT6MnGu1y/twPCY3jb3wXH8/yUCcvgIEEL5qYCs+">(0.2080871000634272,-0.97556547281258832,-0.0705042006737371,0.97799945953870848,0.20860623086074376,-0.00000087772127827,0.01470847008358307,-0.06895284641253813,0.99751184100375889,-0.30518175820551063,-0.14064029471615364,0.16735997474985639)</Transform>
						<Name>Bone91</Name>
					</Element>
					<Element index="25">
						<Transform rawdata="klyjPubKMr8eASS/99loP0LB1D6mXeK0xkyIPqAsFb8okUQ/x2qYvgA9j75BgL09">(0.31906561893170288,-0.69840846763887632,-0.64064204953843606,0.90957586457027773,0.41553694059589397,-0.00000042163918784,0.26621074762602587,-0.5827121684319726,0.76783990648505573,-0.29768963604295523,-0.27976227773181483,0.09252978199968069)</Transform>
						<Name>Bone90</Name>
					</Element>
					<Element index="26">
						<Transform rawdata="/JSePlV5Cr9JL0i/USheP9Bq/j6nSnm0dvLGPn24Lb+OkR8/uO2pvgCmo76KxYM9">(0.30973039724855772,-0.54091387842585836,-0.78197149275217748,0.86780270180291474,0.49690867899833707,-0.00000023217089861,0.38856859338321764,-0.67859633596770108,0.62331476781719086,-0.33189176416651633,-0.31962585524148612,0.06434162139726761)</Transform>
						<Name>Bone89</Name>
					</Element>
					<Element index="27">
						<Transform rawdata="VFo5Pww9wT4DzRM/uqrsvmACYz8gE3m1LxADv3WjiL4XBlE/4UKDPuvfmb7Fu9+9">(0.7240345232800256,0.37741888991324873,0.57734695095720001,-0.4622400360953165,0.88675498058584379,-0.00000092787556744,-0.51196569551620141,-0.26687207638145927,0.8164991462625838,0.25636961698187288,-0.30053648558939694,-0.10924485720777721)</Transform>
						<Name>Bone44</Name>
					</Element>
					<Element index="28">
						<Transform rawdata="RV2GvtgboL4qsmk/3hhEv+WQJD9iUwyzbToWvyMDM7+YBNG+k/1/P5oawr7CJBO+">(-0.26243034031372525,-0.31271244125057124,0.91287479493156554,-0.76600446648384568,0.6428358980271307,-0.00000003267212722,-0.5868290281463342,-0.69926659562738314,-0.40823818621831776,0.99996299472521677,-0.3791091923409482,-0.14369490846356342)</Transform>
						<Name>Bone19</Name>
					</Element>
					<Element index="29">
						<Transform rawdata="dpuevpR8Cj/FK0i/XSdePzZu/j52Mn80m/HGPre0Lb/2lR+/7eypvoqmo75oy4O9">(-0.30977981373337748,0.54096340830496725,-0.78191784411732845,0.86778813441388913,0.49693459548418156,0.00000023767083853,0.38856204033898828,-0.67853875136551201,-0.62338197046238597,-0.33188573792189319,-0.31962995712357123,-0.06435281048957039)</Transform>
						<Name>Bone85</Name>
					</Element>
					<Element index="30">
						<Transform rawdata="g1yjvvTOMj+4/CO/5NpoPzm91D5vR3c0g0aIPj4pFb/PlES/JGyYvmY7j74Nhr29">(-0.31906519530636851,0.69847035099805788,-0.64057494836720918,0.90958999799588947,0.41550615091990628,0.00000023029654754,0.26616296029799724,-0.58266056198046057,-0.76789565406003857,-0.29770003965968961,-0.27975006378328304,-0.09254083472938188)</Transform>
						<Name>Bone86</Name>
					</Element>
					<Element index="31">
						<Transform rawdata="HftUvuS/eT+Nc5C9jl96PzmDVT65oZM0hPVwPLVGjb3LXH+/Z0Kcvk/+D765Xyu+">(-0.20798917491081215,0.9755842906153005,-0.07053289395697283,0.97802055605272697,0.20850839425913489,0.00000027498552475,0.01470697311599332,-0.06898251774532296,-0.99750963328578601,-0.30519409975503436,-0.14061854316105571,-0.16735734288433721)</Transform>
						<Name>Bone87</Name>
					</Element>
					<Element index="32">
						<Transform rawdata="i1+GPu8doD6FsWk/phhEvxiRJD/h1m01MDoWv14CM7++B9E+iv1/Pwgbwr4xIRM+">(0.26244768232740134,0.31272836082343652,0.91286496994948874,-0.76600109265151106,0.64283895041572692,0.00000088602067757,-0.58682537175466032,-0.69925488002382097,0.40826219942049813,0.99996244703587478,-0.37911247939479492,0.14368131009842192)</Transform>
						<Name>Bone25</Name>
					</Element>
					<Element index="33">
						<Transform rawdata="YMCzs3+eIzUCAIC/FbBtP68pvj5Boh80tCm+PhCwbb+xQiC1lqG8viLtlL6uQQC0">(-0.0000000837032985,0.00000060952875654,-1.00000029802312351,0.92846806869197018,0.37141177732223873,0.00000014867056057,0.37141191014944552,-0.92846773664588378,-0.00000059701691204,-0.36842031727998431,-0.29087168803566493,-0.00000011944822986)</Transform>
						<Name>Bone81</Name>
					</Element>
					<Element index="34">
						<Transform rawdata="QzSOMmbxETQDAIC/bTV4P2y1ej5g3VMzcrV6Pmc1eL85Jgm0Wv+svr4ofr5ALTmy">(0.0000000165547418,0.00000013591997197,-1.00000029802330337,0.96956519691995979,0.24483269313637324,0.00000004932860455,0.24483278069536149,-0.96956485017658189,-0.00000012773024657,-0.33788567716618445,-0.24820229254720777,-0.00000001077870606)</Transform>
						<Name>Bone82</Name>
					</Element>
					<Element index="35">
						<Transform rawdata="NGbBMy7rzbQDAIA/mf9/P2klYzsWi76zbyVju5P/fz/OFc40VCGkvvBDMj6ilZIz">(0.00000009005853391,-0.00000038355342234,1.0000002980232352,0.99999387427636532,0.00346597498668589,-0.00000008872864231,-0.00346597622618069,0.99999351665078839,0.00000038386355662,-0.32056678810305067,0.17408729311903917,0.00000006825873098)</Transform>
						<Name>Bone83</Name>
					</Element>
					<Element index="36">
						<Transform rawdata="1Fg5v6A9wb6tzhM/v6zsvtgBYz9QI4o1WhEDvyumiL7mBFG/U0SDPvHemb4jud89">(-0.72401166307590481,-0.37742330030965615,0.57737239570551835,-0.46225545030802245,0.88674687361657367,0.00000102920788849,-0.51198352473481989,-0.26689277570571118,-0.81648100766981169,0.2563806343261113,-0.30052903353302235,0.10923983869834031)</Transform>
						<Name>Bone42</Name>
					</Element>
					<Element index="37">
						<Transform rawdata="PjtStAAAgD9JjeqzkKTTvswUnzLTGmk/0xppPz/obzSQpNM+oLKjPaY88bFSHwG/">(-0.0000001957932574,0.99999999999997491,-0.00000010922173914,-0.41336487639768515,0.00000001851949376,0.91056553754797154,0.91056553754795067,0.00000022343099673,0.41336487639767117,0.0799305453243358,-0.00000000702091797,-0.50438416820935761)</Transform>
						<Name>Bip01 Spine</Name>
					</Element>
					<Element index="38">
						<Transform rawdata="xpFLMwAAgD9c+0G0AAAAgFz7QTQAAIA/AACAP8aRS7PHQBooIjuQPjAbh7bY3AW/">(0.00000004739720067,0.99999999999998257,-0.00000018065969704,-0,0.00000018065969704,0.99999999999998368,0.99999999999999889,-0.00000004739720067,0.00000000000000856,0.28170114755611886,-0.00000402647877857,-0.5229010581963025)</Transform>
						<Name>Bone11</Name>
					</Element>
					<Element index="39">
						<Transform rawdata="ZLd3NAAAgD+xxcexAAAAgLHFxzEAAIA/AACAP2S3d7TaTsEmDO6pPsvj3bbv3AW/">(0.00000023070384431,0.99999999999997358,-0.00000000581413723,-0,0.00000000581413723,1,0.99999999999997358,-0.00000023070384431,0.00000000000000134,0.33189427852479014,-0.0000066128319164,-0.5229024291038129)</Transform>
						<Name>Bone12</Name>
					</Element>
					<Element index="40">
						<Transform rawdata="2b35MwAAgD+MOcizAAAAjow5yDMAAIA/AACAP9m9+bN1VEMoWFhmPt26A7S+3AW/">(0.0000001162949917,0.9999999999999889,-0.00000009323693423,-0,0.00000009323693423,0.99999999999999567,0.99999999999999323,-0.0000001162949917,0.00000000000001084,0.22494637966155298,-0.000000122683064,-0.52289950847624822)</Transform>
						<Name>Bone10</Name>
					</Element>
					<Element index="41">
						<Transform rawdata="XjUMtwAAgD8owsexrKianCrCxzH+/38//v9/P181DDemz1qpta8kPjqFrzW73AW/">(-0.00000835707567041,0.99999999996507971,-0.00000000581373531,-0,0.000000005813736,0.99999988079072466,0.99999988075580437,0.00000835707666665,-0.00000000000004859,0.16082651485546903,0.00000130772895998,-0.52289932693251806)</Transform>
						<Name>Bone09</Name>
					</Element>
					<Element index="42">
						<Transform rawdata="anrENAAAgL+/ynI0AACAv2l6xLRSV7opAQCAj77KcrQAAIC/pFUFP7pXSTTZ4yu+">(0.00000036596912223,-0.99999999999990752,0.00000022611764844,-1.00000005960458149,-0.00000036596910042,0.00000000000008275,-0,-0.00000022611763496,-1.00000005960462279,0.5208379936717269,0.00000018751498426,-0.16786135243547773)</Transform>
						<Name>Bone95</Name>
					</Element>
					<Element index="43">
						<Transform rawdata="OGmDNAAAgD+gQnU3AACAPzdpg7TKy3usAQAAEp9CdTcAAIC/pFUFvxblKjbZ4yu+">(0.00000024477206794,0.99999999989311761,0.00001461865027083,1.00000005960461835,-0.00000024477205333,-0.00000000000357824,0,0.00001461864939949,-1.0000000594977958,-0.52083799367176742,0.00000254653189692,-0.16786135241614056)</Transform>
						<Name>Bone69</Name>
					</Element>
					<Element index="44">
						<Transform rawdata="ZxsVPxrB0D4SBjQ/+s4Sv824UT+eGXG063oTv/Z5zr55AjY/2pKJPrNADb8iCOw9">(0.58244937076553427,0.40772325612656457,0.70321764208289317,-0.57347070322370219,0.81922609123173074,-0.0000002245419361,-0.57609433175970359,-0.40327424842183407,0.71097523327389844,0.26869850274747936,-0.55176849758989432,0.11524988546471385)</Transform>
						<Name>Bone52</Name>
					</Element>
					<Element index="45">
						<Transform rawdata="ioOyPrKLFD9ibDw/CW9bv/7ZAz+w2nq02hfCvmyCIb+cTC0/EIYNP2fwuL6E4uk9">(0.34865982124461958,0.58025658293897009,0.73602879439642421,-0.85716301764041525,0.515045018860117,-0.00000023362622436,-0.37908823542711928,-0.63089635539287914,0.67695022994256504,0.55282686455026431,-0.36120911253797783,0.11420157551546212)</Transform>
						<Name>Bone53</Name>
					</Element>
					<Element index="46">
						<Transform rawdata="78gGv/wQyr7VxUA/y4sZvyTXTD9SECm0pT8av/w+576pcii/lVqRPrpwC79lg+i9">(-0.52650351926062,-0.39466082495519661,0.75301868579835063,-0.59978933128248979,0.80015776743307465,-0.00000015745288534,-0.60253365240946133,-0.45165241461240241,-0.6579995857789076,0.28389421009652027,-0.54468883517442823,-0.11353186179477449)</Transform>
						<Name>Bone46</Name>
					</Element>
					<Element index="47">
						<Transform rawdata="tiCvvn0rE7/IST4/6ABcvwzmAj+3z3W07JjCvg2II7/oPyu/CsMNP7FAuL4QUum9">(-0.34204642731573981,-0.57488232696774044,0.74331331649669263,-0.8593888278405919,0.51132271581082211,-0.00000022892969104,-0.38007294269820957,-0.63879470503491764,-0.66894387624474849,0.55375730510868626,-0.35986854444669086,-0.11392605446517781)</Transform>
						<Name>Bone47</Name>
					</Element>
					<Element index="48">
						<Transform rawdata="/IBLP5z5oL6c1AS/0FHyPlbZWr6Zxlo/YljCvnHHbL+Zyay8SPRavSph1Tzdhzi+">(0.79493691971678027,-0.31440437278717698,-0.51886918256473602,0.47328043158600813,-0.21371969385503148,0.85459284799779556,-0.37958056270874574,-0.92491825737781475,-0.02109222278435175,-0.05345562161232232,0.02604730882482796,-0.18020577190453671)</Transform>
						<Name>Bone38</Name>
					</Element>
					<Element index="49">
						<Transform rawdata="k3pgP4JG4r0Ni+8+iQ/uvhwVVj3NP2I/JQ/6vaUUfr9wkrW70oskPkFLATyZSrK9">(0.87687035687349368,-0.11048604495127275,0.46785774833742011,-0.46496228227983677,0.05226622539060644,0.88378600795219953,-0.12209920096028723,-0.99250249106173227,-0.00554113825853706,0.16068961797079584,0.00789147752686988,-0.08705634559164779)</Transform>
						<Name>Bone39</Name>
					</Element>
					<Element index="50">
						<Transform rawdata="jYBgvxGo4T0cfu8+yQfuvrutVD0xQ2K/Vy/5vQkYfr9kcro7yIokPliJAjx9ULI9">(-0.87696151830646607,0.11018384217050008,0.46775899833087603,-0.46490314740785005,0.05192349365745412,-0.88383773649278918,-0.12167232629734143,-0.99255425472277281,0.00568990613263343,0.16068565840707419,0.00796731577567751,0.08706758482878152)</Transform>
						<Name>Bone29</Name>
					</Element>
					<Element index="51">
						<Transform rawdata="k4RLvx7PoD7/2wS/3E/yPjw1W75owVq/0EvCvlXJbL8xdrA8GexavTAE1jwPhjg+">(-0.79499165749561429,0.31408019092341588,-0.51898185289636256,0.4732655370636123,-0.21407025533828106,-0.85451365978936233,-0.37948463998820881,-0.92494707016776156,0.02154073302169218,-0.05344781738243386,0.0261250430138066,0.18019889871190081)</Transform>
						<Name>Bone28</Name>
					</Element>
					<Element index="52">
						<Transform rawdata="76hqv/fipj0VW8g+Dlm1PYv+fj+PQie1oZHHvnbtDT3RlWu/FZhnvNBzDL8+mq68">(-0.91664024145890943,0.08148759176482491,0.39131988824575514,0.08854876206096945,0.99607149069110679,-0.00000062309203537,-0.38978293722355328,0.03465028954297616,-0.92025478225991386,-0.01413538033583245,-0.54864214907285525,-0.02131378192108222)</Transform>
						<Name>Bone27</Name>
					</Element>
					<Element index="53">
						<Transform rawdata="GFxZvwRy3j7q4pm+tjrpPpnlYz+CF+i0Of6IPucyDL7QKXS/WtMwvtNsBb8PNjI9">(-0.84906150970412531,0.43446363295137114,-0.30055934473976476,0.45552606713279842,0.89022215474458954,-0.0000004323047234,0.26756455916301503,-0.13691293433873425,-0.95376299040740731,-0.17268124852969438,-0.52119175218660507,0.04350858484541269)</Transform>
						<Name>Bone32</Name>
					</Element>
					<Element index="54">
						<Transform rawdata="zi4Dv8VcnT5+RU2/Ea0DPwSKWz/J8rS0HwkwP6Uq074w+Bi/JHs+vi3F+L53efM9">(-0.51243292609306967,0.3073484009482963,-0.80184160522569103,0.51435952767301618,0.85757467413716215,-0.00000033704260838,0.68763915465397674,-0.41243472246469431,-0.5975370423382157,-0.18601661657478136,-0.48587933915654546,0.11888402081038039)</Transform>
						<Name>Bone37</Name>
					</Element>
					<Element index="55">
						<Transform rawdata="s5x3Pp1feL9iXXQ8t2Z4P7qjdz6hSOc0amlsuwocbTy4+H8/wO4Cv3RobT2Lwx89">(0.24180869628199853,-0.97020896493372621,0.01491484206319397,0.97031729892063479,0.24183550157342579,0.00000043079948829,-0.00360735735184243,0.01447201733012726,0.99988888677925913,-0.51145551899915209,0.0579609415397607,0.03900484290367937)</Transform>
						<Name>Bone51</Name>
					</Element>
					<Element index="56">
						<Transform rawdata="Aa38Pfoip70BL32/yjsNPxaEVT++e/azwipTPwKuC7/QeRc+9vJovgwgv74/cDA+">(0.1233768533900582,-0.08160968297822528,-0.98899848853804828,0.55169355702055367,0.83404671555080201,-0.00000011477775937,0.82487119624755778,-0.54562391725997994,0.14792562208570334,-0.22748932402490615,-0.37329138509717563,0.17230318236366929)</Transform>
						<Name>Bone57</Name>
					</Element>
					<Element index="57">
						<Transform rawdata="T6lqP3Hhpr1cWcg+JVe1PZD+fj8ZDu007I/Hvu7qDT0vlms/apJnvNBzDL+YmK48">(0.91664594245809849,-0.08148468001536632,0.39130675616973659,0.08854512177089206,0.99607181289099045,0.00000044154947828,-0.38976989831488607,0.03464787484818493,0.92026036630131136,-0.01413402911301678,-0.54864213904454118,0.02131299722436652)</Transform>
						<Name>Bone61</Name>
					</Element>
					<Element index="58">
						<Transform rawdata="+1tZP2dvcT5XDvK+CzvpPiyIAT6KlWE/gP6IPnyqdr/snpW0itMwvsDh/bxopwW/">(0.84905976261869187,0.23577652605507962,-0.47276564869839022,0.45552859908241888,0.12649600964330432,0.88118806335093747,0.26756668360619934,-0.96353891236010014,-0.00000027869043412,-0.17268195500706507,-0.0309914357411755,-0.52208567791671379)</Transform>
						<Name>Bone62</Name>
					</Element>
					<Element index="59">
						<Transform rawdata="5TADP7B9+D64WTW/GqwDPwpn+T4JsDQ/RggwP2PfOb9UBpmzznc+vqFrNr6jUe++">(0.51246484506917689,0.48533393333260738,-0.70840027589773125,0.51434483591307711,0.48711425465998565,0.70581108487089861,0.68762627029069756,-0.72606487260158747,-0.00000007125769111,-0.18600389013669053,-0.17814495127254892,-0.46741971584546954)</Transform>
						<Name>Bone63</Name>
					</Element>
					<Element index="60">
						<Transform rawdata="d653viMZZDoKZni/qWV4P/3iZLvYrne+LeJru4//f79TQQA1EO8Cv9YyI73272q9">(-0.24187647342576282,0.00087012555340196,-0.97030699951034516,0.97030123446224481,-0.0034925335008444,-0.24187790876332022,-0.00359929664006436,-0.99999328410458799,0.00000047778776012,-0.51146029534884296,-0.03984340205063947,-0.0573577513538854)</Transform>
						<Name>Bone64</Name>
					</Element>
					<Element index="61">
						<Transform rawdata="WJb8vaBIOL5M1Xm/pjsNP/8UTj8naF++VCtTPw+4EL+Ykro0i/BovqOMz75Vm4y9">(-0.12333363047216989,-0.17996453688085567,-0.97591092019972325,0.55169141083620354,0.80500785838928424,-0.21817074020482866,0.82487989023682862,-0.56530848471150441,0.00000034751860998,-0.22748010137046601,-0.40536985034526885,-0.06865564960030335)</Transform>
						<Name>Bone65</Name>
					</Element>
					<Element index="62">
						<Transform rawdata="hzqkOp//fz8HcU+7JZXhPhkLFjv7z2U/HdBlP4EcJbtvlOG+pTCRvF7YH7rkbky+">(0.00125296491820649,0.99999420543808604,-0.00316530624713032,0.44059100245737814,0.00228947979824598,0.89770476772788044,0.89770681282673159,-0.00251939923472024,-0.44058558078766763,-0.01772339047983726,-0.00060976101161659,-0.19964176407602055)</Transform>
						<Name>Bone33</Name>
					</Element>
					<Element index="63">
						<Transform rawdata="hgRTO5//fz/k2pC6TarKvjEKFjsPF2s/4hZrP+UcJbv1qso+58I3Pt/XH7pHV8e9">(0.00321987402783207,0.9999942055035369,-0.00110515623490228,-0.39583053173898675,0.00228942570731232,0.9183206126466521,0.91831793108622028,-0.00251942241010628,0.39583556257546804,0.17945442543811468,-0.00060975357662356,-0.09733444051876125)</Transform>
						<Name>Bone34</Name>
					</Element>
					<Element index="64">
						<Transform rawdata="7rwaswAAgD8cNas00f9/PxIBHjOGTRy7hk0cuywpqzTR/3+/EnEsvm9nzbH9LcW8">(-0.0000000360277481,0.99999999999994849,0.00000031889873297,0.99999721550795151,0.00000003678821424,-0.00238499174891342,-0.00238499174892503,0.00000031881188111,-0.99999721550790133,-0.16840008320329419,-0.00000000597804447,-0.02406977969399591)</Transform>
						<Name>Bone93</Name>
					</Element>
					<Element index="65">
						<Transform rawdata="W8X3MwAAgD9gYbK0cF83v640ILSGojK/hqIyvz3/qjRwXzc/5reRPl1lMDNdQSI+">(0.0000001153773251,0.99999999999993827,-0.0000003322593243,-0.71630002363228185,-0.00000014920326078,-0.69779243055823592,-0.69779243055824236,0.00000031850678596,0.71630002363222034,0.28460615983636245,0.00000004107038216,0.15845246002200697)</Transform>
						<Name>Bone04</Name>
					</Element>
					<Element index="66">
						<Transform rawdata="5/sOMwAAgD+brwy1Vtwgv4enz7TVJUe/1SVHvwy1vjRW3CA/dAwiPldEwDMX9kE+">(0.00000003329105505,0.99999999999986211,-0.0000005240960222,-0.62836205781929122,-0.00000038678647999,-0.77792102702842292,-0.7779210270285184,0.00000035521986674,0.62836205781919163,0.15825063655857335,0.00000008953127728,0.18941532444628778)</Transform>
						<Name>Bone02</Name>
					</Element>
					<Element index="67">
						<Transform rawdata="XeqINAAAgD+B8m+04hwnv7YmQbFk7kG/ZO5Bv1AJtjTiHCc/QvdcPjWR5rFNBzs+">(0.00000025502494955,0.99999999999994249,-0.00000022346832535,-0.65278444630097487,-0.00000000281072015,-0.75754378479189544,-0.75754378479185269,0.00000033906917211,0.65278444630093679,0.21578696396862285,-0.00000000671038893,0.18264503120171749)</Transform>
						<Name>Bone03</Name>
					</Element>
				</Bones>
			</Entity>
		</Root>
	</SSkinSkeletonData>
</Resource>
