<Root>
	<matrixlayout>column major</matrixlayout>
	<system />
	<node>
		<identifier>Scene Root</identifier>
		<transform>
			<row0>1.0 0.0 0.0</row0>
			<row1>0.0 1.0 0.0</row1>
			<row2>0.0 0.0 1.0</row2>
			<row3>0.0 0.0 0.0</row3>
		</transform>
		<node>
			<identifier>Dummy02</identifier>
			<transform>
				<row0>0.9999999999999242 -2.3844753431707156e-23 3.894143674187649e-07</row0>
				<row1>-5.388327630934839e-31 1.0 6.123234262925375e-17</row1>
				<row2>-3.894143674187649e-07 -6.123234262924911e-17 0.9999999999999242</row2>
				<row3>0.0 0.0 0.0</row3>
			</transform>
			<node>
				<identifier>Dummy11</identifier>
				<transform>
					<row0>1.0 -5.877471754111438e-39 1.4600703232170642e-39</row0>
					<row1>5.877471754111438e-39 1.0 3.697785493223493e-32</row1>
					<row2>-1.4600703232170642e-39 -3.697785493223493e-32 1.0</row2>
					<row3>-0.5755025744438171 0.6892552375793457 -0.5852634310722351</row3>
				</transform>
			</node>
			<node>
				<identifier>Dummy12</identifier>
				<transform>
					<row0>1.0 -5.877471754111438e-39 1.4600703232170642e-39</row0>
					<row1>5.877471754111438e-39 1.0 3.697785493223493e-32</row1>
					<row2>-1.4600703232170642e-39 -3.697785493223493e-32 1.0</row2>
					<row3>-0.5458942651748657 0.6610211730003357 -0.8570002913475037</row3>
				</transform>
			</node>
			<node>
				<identifier>Dummy13</identifier>
				<transform>
					<row0>1.0 -5.877471754111438e-39 1.4600703232170642e-39</row0>
					<row1>5.877471754111438e-39 1.0 3.697785493223493e-32</row1>
					<row2>-1.4600703232170642e-39 -3.697785493223493e-32 1.0</row2>
					<row3>-0.41903290152549744 0.6456361413002014 -1.0486830472946167</row3>
				</transform>
			</node>
			<node>
				<identifier>Dummy10</identifier>
				<transform>
					<row0>1.0 -5.877471754111438e-39 1.4600703232170642e-39</row0>
					<row1>5.877471754111438e-39 1.0 3.697785493223493e-32</row1>
					<row2>-1.4600703232170642e-39 -3.697785493223493e-32 1.0</row2>
					<row3>-0.4871916174888611 0.755888819694519 -0.2574938237667084</row3>
				</transform>
			</node>
			<node>
				<identifier>Dummy15</identifier>
				<transform>
					<row0>1.0 -5.877471754111438e-39 1.4600703232170642e-39</row0>
					<row1>5.877471754111438e-39 1.0 3.697785493223493e-32</row1>
					<row2>-1.4600703232170642e-39 -3.697785493223493e-32 1.0</row2>
					<row3>0.5458768606185913 0.6610211730003357 -0.8570002913475037</row3>
				</transform>
			</node>
			<node>
				<identifier>Dummy16</identifier>
				<transform>
					<row0>1.0 -5.877471754111438e-39 1.4600703232170642e-39</row0>
					<row1>5.877471754111438e-39 1.0 3.697785493223493e-32</row1>
					<row2>-1.4600703232170642e-39 -3.697785493223493e-32 1.0</row2>
					<row3>0.41904717683792114 0.6456360816955566 -1.0486830472946167</row3>
				</transform>
			</node>
			<node>
				<identifier>Dummy17</identifier>
				<transform>
					<row0>1.0 -5.877471754111438e-39 1.4600703232170642e-39</row0>
					<row1>5.877471754111438e-39 1.0 3.697785493223493e-32</row1>
					<row2>-1.4600703232170642e-39 -3.697785493223493e-32 1.0</row2>
					<row3>0.4871884286403656 0.7558889985084534 -0.2574939429759979</row3>
				</transform>
			</node>
			<node>
				<identifier>Dummy14</identifier>
				<transform>
					<row0>1.0 -5.877471754111438e-39 1.4600703232170642e-39</row0>
					<row1>5.877471754111438e-39 1.0 3.697785493223493e-32</row1>
					<row2>-1.4600703232170642e-39 -3.697785493223493e-32 1.0</row2>
					<row3>0.5755029320716858 0.6892554759979248 -0.5852634310722351</row3>
				</transform>
			</node>
			<node>
				<identifier>Dummy08</identifier>
				<transform>
					<row0>1.0 -5.877471754111438e-39 1.4600703232170642e-39</row0>
					<row1>5.877471754111438e-39 1.0 3.697785493223493e-32</row1>
					<row2>-1.4600703232170642e-39 -3.697785493223493e-32 1.0</row2>
					<row3>0.8245730400085449 0.01749008148908615 -0.8376691937446594</row3>
				</transform>
				<node>
					<identifier>IK Chain06</identifier>
					<transform>
						<row0>1.0 -5.877471754111438e-39 1.4600703232170642e-39</row0>
						<row1>5.877471754111438e-39 1.0 2.465190328815662e-32</row1>
						<row2>-1.4600703232170642e-39 -2.465190328815662e-32 1.0</row2>
						<row3>7.629394360719743e-08 -2.288818308215923e-07 -7.629394360719743e-08</row3>
					</transform>
				</node>
			</node>
			<node>
				<identifier>Dummy09</identifier>
				<transform>
					<row0>1.0 -5.877471754111438e-39 1.4600703232170642e-39</row0>
					<row1>5.877471754111438e-39 1.0 3.697785493223493e-32</row1>
					<row2>-1.4600703232170642e-39 -3.697785493223493e-32 1.0</row2>
					<row3>0.7234504818916321 -0.001068115234375 0.035736486315727234</row3>
				</transform>
				<node>
					<identifier>IK Chain05</identifier>
					<transform>
						<row0>1.0 -5.877471754111438e-39 1.4600703232170642e-39</row0>
						<row1>5.877471754111438e-39 1.0 2.465190328815662e-32</row1>
						<row2>-1.4600703232170642e-39 -2.465190328815662e-32 1.0</row2>
						<row3>0.0 0.0 1.907348590179936e-08</row3>
					</transform>
				</node>
			</node>
			<node>
				<identifier>Dummy07</identifier>
				<transform>
					<row0>1.0 -5.877471754111438e-39 1.4600703232170642e-39</row0>
					<row1>5.877471754111438e-39 1.0 3.697785493223493e-32</row1>
					<row2>-1.4600703232170642e-39 -3.697785493223493e-32 1.0</row2>
					<row3>0.7042174339294434 0.008766327053308487 -1.1069759130477905</row3>
				</transform>
				<node>
					<identifier>IK Chain07</identifier>
					<transform>
						<row0>1.0 -5.877471754111438e-39 1.4600703232170642e-39</row0>
						<row1>5.877471754111438e-39 1.0 2.465190328815662e-32</row1>
						<row2>-1.4600703232170642e-39 -2.465190328815662e-32 1.0</row2>
						<row3>0.0 7.629394360719743e-08 -2.288818308215923e-07</row3>
					</transform>
				</node>
			</node>
			<node>
				<identifier>Dummy06</identifier>
				<transform>
					<row0>1.0 -5.877471754111438e-39 1.4600703232170642e-39</row0>
					<row1>5.877471754111438e-39 1.0 3.697785493223493e-32</row1>
					<row2>-1.4600703232170642e-39 -3.697785493223493e-32 1.0</row2>
					<row3>0.5031024813652039 0.016240157186985016 -1.3747448921203613</row3>
				</transform>
				<node>
					<identifier>IK Chain08</identifier>
					<transform>
						<row0>1.0 -5.877471754111438e-39 2.842170943040401e-14</row0>
						<row1>5.8774710534622054e-39 1.0 2.465190328815662e-32</row1>
						<row2>-2.842170943040401e-14 -2.465190328815662e-32 1.0</row2>
						<row3>3.814697180359872e-08 3.814697180359872e-08 1.5258788721439487e-07</row3>
					</transform>
				</node>
			</node>
			<node>
				<identifier>Dummy05</identifier>
				<transform>
					<row0>1.0 -5.877471754111438e-39 1.4600703232170642e-39</row0>
					<row1>5.877471754111438e-39 1.0 3.697785493223493e-32</row1>
					<row2>-1.4600703232170642e-39 -3.697785493223493e-32 1.0</row2>
					<row3>-0.5030881762504578 0.016240006312727928 -1.3747448921203613</row3>
				</transform>
				<node>
					<identifier>IK Chain04</identifier>
					<transform>
						<row0>1.0 -5.877471754111438e-39 1.4600703232170642e-39</row0>
						<row1>5.877471754111438e-39 1.0 2.465190328815662e-32</row1>
						<row2>-1.4600703232170642e-39 -2.465190328815662e-32 1.0</row2>
						<row3>3.814697180359872e-08 -1.5258788721439487e-07 -1.5258788721439487e-07</row3>
					</transform>
				</node>
			</node>
			<node>
				<identifier>Dummy03</identifier>
				<transform>
					<row0>1.0 -5.877471754111438e-39 1.4600703232170642e-39</row0>
					<row1>5.877471754111438e-39 1.0 3.697785493223493e-32</row1>
					<row2>-1.4600703232170642e-39 -3.697785493223493e-32 1.0</row2>
					<row3>-0.8245724439620972 0.01748969964683056 -0.837669312953949</row3>
				</transform>
				<node>
					<identifier>IK Chain02</identifier>
					<transform>
						<row0>1.0 -5.877471754111438e-39 1.4600703232170642e-39</row0>
						<row1>5.877471754111438e-39 1.0 2.465190328815662e-32</row1>
						<row2>-1.4600703232170642e-39 -2.465190328815662e-32 1.0</row2>
						<row3>7.629394360719743e-08 -7.629394360719743e-08 0.0</row3>
					</transform>
				</node>
			</node>
			<node>
				<identifier>Dummy04</identifier>
				<transform>
					<row0>1.0 -5.877471754111438e-39 1.4600703232170642e-39</row0>
					<row1>5.877471754111438e-39 1.0 3.697785493223493e-32</row1>
					<row2>-1.4600703232170642e-39 -3.697785493223493e-32 1.0</row2>
					<row3>-0.704234778881073 0.008766021579504013 -1.1069759130477905</row3>
				</transform>
				<node>
					<identifier>IK Chain03</identifier>
					<transform>
						<row0>1.0 -5.877471754111438e-39 1.4600703232170642e-39</row0>
						<row1>5.877471754111438e-39 1.0 2.465190328815662e-32</row1>
						<row2>-1.4600703232170642e-39 -2.465190328815662e-32 1.0</row2>
						<row3>-1.5258788721439487e-07 0.0 7.629394360719743e-08</row3>
					</transform>
				</node>
			</node>
			<node>
				<identifier>Dummy01</identifier>
				<transform>
					<row0>1.0 -5.877471754111438e-39 1.4600703232170642e-39</row0>
					<row1>5.877471754111438e-39 1.0 3.697785493223493e-32</row1>
					<row2>-1.4600703232170642e-39 -3.697785493223493e-32 1.0</row2>
					<row3>-0.7234534621238708 -0.0010684203589335084 0.035736676305532455</row3>
				</transform>
				<node>
					<identifier>IK Chain01</identifier>
					<transform>
						<row0>1.0 -5.877471754111438e-39 1.4600703232170642e-39</row0>
						<row1>5.877471754111438e-39 1.0 2.465190328815662e-32</row1>
						<row2>-1.4600703232170642e-39 -2.465190328815662e-32 1.0</row2>
						<row3>-7.629394360719743e-08 -1.5258788721439487e-07 -9.536743306171047e-08</row3>
					</transform>
				</node>
			</node>
			<node>
				<identifier>biped</identifier>
				<transform>
					<row0>1.3550135367687895e-06 0.0 -0.999999999999082</row0>
					<row1>-1.1243733089717911e-28 1.0 -1.5235410540396923e-34</row1>
					<row2>0.999999999999082 1.1243733089728234e-28 1.3550135367687895e-06</row2>
					<row3>9.842971993023752e-10 0.4495803117752075 -2.3665826627657896e-32</row3>
				</transform>
				<node>
					<identifier>biped Pelvis</identifier>
					<transform>
						<row0>4.371138834797025e-08 -0.999999999999999 -0.0</row0>
						<row1>1.4603137970577822e-06 6.38323434930918e-14 0.9999999999989337</row1>
						<row2>-0.9999999999989327 -4.3711388347923645e-08 1.4603137970577837e-06</row2>
						<row3>-0.08254150301218033 0.0 -1.8311052940589434e-07</row3>
					</transform>
					<node>
						<identifier>biped Spine</identifier>
						<transform>
							<row0>0.9959532315989722 -1.549720645280603e-06 0.08987236091188672</row0>
							<row1>1.1812500393983155e-06 0.9999999999906781 4.1531216873999364e-06</row1>
							<row2>-0.08987236091748511 -4.030153235921756e-06 0.9959532315915186</row2>
							<row3>-0.2648850381374359 4.841162990487646e-07 -0.03933756425976753</row3>
						</transform>
						<node>
							<identifier>biped Spine1</identifier>
							<transform>
								<row0>0.9996192617411654 1.1920907120780564e-07 0.027590076961602865</row0>
								<row1>-1.1919282823849098e-07 0.9999999999999929 -2.233565324542821e-09</row1>
								<row2>-0.027590076961602934 -1.0558243836009158e-09 0.9996192617411725</row2>
								<row3>-0.36511993408203125 -1.1667725674513463e-09 -0.00042065620073117316</row3>
							</transform>
							<node>
								<identifier>biped Neck</identifier>
								<transform>
									<row0>0.7981345711348554 -1.9073488740024733e-06 -0.6024792165342656</row0>
									<row1>1.815723070862793e-06 0.9999999999980624 -7.604536504538199e-07</row1>
									<row2>0.6024792165345487 -4.869910650037117e-07 0.7981345711367722</row2>
									<row3>-0.5398879051208496 1.2387172176886452e-08 0.008884286507964134</row3>
								</transform>
								<node>
									<identifier>biped Head</identifier>
									<transform>
										<row0>0.9359102241456834 -7.152554524999978e-07 -0.35223862982226317</row0>
										<row1>7.317090445108611e-07 0.9999999999997287 -8.642287944845904e-08</row1>
										<row2>0.35223862982222937 -1.7685213479114043e-07 0.9359102241459526</row2>
										<row3>-0.2867204248905182 0.0 1.5258788721439487e-07</row3>
									</transform>
									<node>
										<identifier>biped_bone01</identifier>
										<transform>
											<row0>0.06695435807383866 -1.311302158846897e-06 -0.997756039286759</row0>
											<row1>-1.6646139564610082e-06 0.9999999999975978 -1.4259551049737535e-06</row1>
											<row2>0.9977560392862321 1.756352536835629e-06 0.06695435807149502</row2>
											<row3>-0.018922118470072746 4.5776482693327125e-07 0.17051024734973907</row3>
										</transform>
										<node>
											<identifier>biped_bone30</identifier>
											<transform>
												<row0>0.9996309091546463 -7.152554964184929e-07 0.027166992143845596</row0>
												<row1>-7.044122887730447e-07 -0.9999999999996684 -4.0870184352989133e-07</row1>
												<row2>0.02716699214412891 3.8941423230583966e-07 -0.9996309091548186</row2>
												<row3>-0.03288207948207855 -2.3313259589485824e-07 -0.06497345119714737</row3>
											</transform>
											<node>
												<identifier>biped_bone31</identifier>
												<transform>
													<row0>0.9871861496917057 5.684342654859246e-14 -0.15957288571955225</row0>
													<row1>-5.611504330249268e-14 1.0 9.070670148594141e-15</row1>
													<row2>0.15957288571955225 -5.470577522506165e-22 0.9871861496917057</row2>
													<row3>-0.06095581129193306 2.473825614843217e-12 -2.227783261332661e-05</row3>
												</transform>
											</node>
										</node>
									</node>
									<node>
										<identifier>biped_bone04</identifier>
										<transform>
											<row0>-0.40224997193493056 0.8937821010916167 -0.19836460331067815</row0>
											<row1>0.9076530234402246 0.41767650450013066 0.04138026858747448</row1>
											<row2>0.11983717752920744 -0.1634010200604863 -0.9792543885656197</row2>
											<row3>-0.09443207085132599 -0.13716033101081848 0.18292587995529175</row3>
										</transform>
										<node>
											<identifier>biped_bone05</identifier>
											<transform>
												<row0>-0.18976427425185777 -0.1701596095053289 0.9669721341907292</row0>
												<row1>-0.09138922973168917 0.9836530462323382 0.15516021824839682</row1>
												<row2>-0.9775671458339474 -0.05892697581935291 -0.20221297413087824</row2>
												<row3>-0.12090355157852173 6.103515488575795e-07 2.288818308215923e-07</row3>
											</transform>
										</node>
									</node>
									<node>
										<identifier>biped_bone02</identifier>
										<transform>
											<row0>-0.4022476705582886 -0.8937839937802387 -0.19836074206525067</row0>
											<row1>-0.9076541740545533 0.41767388616444656 -0.04138145886306568</row1>
											<row2>0.11983618757194017 0.16339736007211159 -0.979255120420459</row2>
											<row3>-0.09443268179893494 0.13714462518692017 0.18292510509490967</row3>
										</transform>
										<node>
											<identifier>biped_bone03</identifier>
											<transform>
												<row0>-0.18976515188979914 0.17015956035051902 0.9669720322478617</row0>
												<row1>0.09138915478508092 0.9836530686442981 -0.15516012030906723</row1>
												<row2>-0.9775669846695467 0.0589267729302545 -0.2022138123771872</row2>
												<row3>-0.12090320885181427 -1.5258788721439487e-07 -1.5258788721439487e-07</row3>
											</transform>
										</node>
									</node>
								</node>
								<node>
									<identifier>biped L Clavicle</identifier>
									<transform>
										<row0>-0.15148270784393197 -0.9679429832973372 0.20034782529499723</row0>
										<row1>-0.7976550772608764 -1.6607016127129226e-06 -0.6031139011141986</row1>
										<row2>0.5837802362265428 -0.2511698019147126 -0.7720844295784016</row2>
										<row3>0.15488289296627045 0.13134709000587463 0.031140364706516266</row3>
									</transform>
									<node>
										<identifier>biped L UpperArm</identifier>
										<transform>
											<row0>0.5025240621803018 0.7987381566175525 -0.33088808393927166</row0>
											<row1>-0.8359148439181187 0.5465858888159755 0.04990110875834141</row1>
											<row2>0.2207166770813715 0.2515177531599188 0.9423496426986419</row2>
											<row3>-0.21945299208164215 0.0 1.907348590179936e-08</row3>
										</transform>
										<node>
											<identifier>biped L Forearm</identifier>
											<transform>
												<row0>-0.2767665109744263 -1.4528632272190564e-07 0.9609371979494923</row0>
												<row1>-4.0210383944941724e-08 0.9999999999999895 1.3961103320674233e-07</row1>
												<row2>-0.9609371979495024 4.8776392267638885e-15 -0.2767665109744292</row2>
												<row3>-0.4750523269176483 0.0 3.552713599391162e-17</row3>
											</transform>
											<node>
												<identifier>biped L Hand</identifier>
												<transform>
													<row0>0.4791037798140576 0.4272443705495596 -0.7667605988844194</row0>
													<row1>0.876719261724787 -0.19043585603367916 0.44169831519735075</row1>
													<row2>0.04269441017262743 -0.8838531712039098 -0.4658119353266975</row2>
													<row3>-0.5200902223587036 1.5258788721439487e-07 1.1444091541079615e-07</row3>
												</transform>
											</node>
										</node>
									</node>
								</node>
								<node>
									<identifier>biped R Clavicle</identifier>
									<transform>
										<row0>-0.15148277448431044 0.9679442559577751 0.20034192370266543</row0>
										<row1>0.7976545003608008 1.823220425814509e-06 0.6031146640986579</row1>
										<row2>0.5837810095307114 0.2511651197022089 -0.7720853680495948</row2>
										<row3>0.15488296747207642 -0.13134682178497314 0.031141052022576332</row3>
									</transform>
									<node>
										<identifier>biped R UpperArm</identifier>
										<transform>
											<row0>0.502524072091315 -0.7987381723706378 -0.33088803086055596</row0>
											<row1>0.8359148942710272 0.5465858307638116 -0.049900901142218734</row1>
											<row2>0.22071647697142954 -0.2515178442809678 0.9423497284987009</row2>
											<row3>-0.21945297718048096 -3.0517577442878974e-07 6.67572024326546e-08</row3>
										</transform>
										<node>
											<identifier>biped R Forearm</identifier>
											<transform>
												<row0>-0.276766437915527 1.0058284443107574e-07 0.9609371569641038</row0>
												<row1>1.1375247982861783e-07 0.9999999999999909 -7.190894356001232e-08</row1>
												<row2>-0.9609371569641022 8.940700240075532e-08 -0.27676643791553596</row2>
												<row3>-0.4750523269176483 -1.4210854397564648e-16 -1.1444091541079615e-07</row3>
											</transform>
											<node>
												<identifier>biped R Hand</identifier>
												<transform>
													<row0>0.4791037216154677 -0.4272443516787286 -0.7667605680286026</row0>
													<row1>-0.8767193332334406 -0.19043591624607797 -0.44169828224505003</row1>
													<row2>0.042694347466285754 0.8838531574882469 -0.4658119670988329</row2>
													<row3>-0.520090639591217 7.629394360719743e-08 1.5258788721439487e-07</row3>
												</transform>
											</node>
										</node>
									</node>
								</node>
							</node>
						</node>
					</node>
					<node>
						<identifier>biped L Thigh</identifier>
						<transform>
							<row0>0.7297124237212838 -0.2457294752230238 -0.6380727260065477</row0>
							<row1>-0.048955109749029196 -0.9495714731743391 0.3097053673460892</row1>
							<row2>-0.6819993958181123 -0.19475893391609256 -0.7049438146147513</row2>
							<row3>2.670288097306184e-07 0.1990443468093872 2.670288097306184e-07</row3>
						</transform>
						<node>
							<identifier>biped L Calf</identifier>
							<transform>
								<row0>-0.14793436952264613 -1.3783573423552755e-07 0.9889971198667022</row0>
								<row1>7.355886453434924e-08 0.999999999999986 1.5037214517192994e-07</row1>
								<row2>-0.9889971198667091 9.499471365491363e-08 -0.14793436952263395</row2>
								<row3>-0.44461289048194885 9.53674295089968e-09 3.814697180359872e-08</row3>
							</transform>
							<node>
								<identifier>biped L Foot</identifier>
								<transform>
									<row0>0.7824439023158308 0.04895313589797728 0.6207939514964115</row0>
									<row1>0.15626697778925297 0.9495711640172235 -0.2718367821314629</row1>
									<row2>-0.6027952980750495 0.3097066272341124 0.7353364085001386</row2>
									<row3>-0.9388559460639954 -0.025563374161720276 -0.06069763004779816</row3>
								</transform>
								<node>
									<identifier>biped L Toe0</identifier>
									<transform>
										<row0>1.9470712293040658e-07 0.0 -0.999999999999981</row0>
										<row1>4.371167960925874e-08 0.999999999999999 8.510975375174648e-15</row1>
										<row2>0.99999999999998 -4.3711679609259564e-08 1.947071229304064e-07</row2>
										<row3>-0.03880760073661804 -7.629394360719743e-08 0.049943696707487106</row3>
									</transform>
								</node>
							</node>
						</node>
					</node>
					<node>
						<identifier>biped R Thigh</identifier>
						<transform>
							<row0>0.7297132105375441 0.24572912162127025 -0.6380719623633598</row0>
							<row1>0.04895228459747669 -0.9495707289545549 -0.3097080957052996</row1>
							<row2>-0.6819987160932047 0.19476299694252158 -0.7049432651355013</row2>
							<row3>-2.670288097306184e-07 -0.19904418289661407 -3.0517577442878974e-07</row3>
						</transform>
						<node>
							<identifier>biped R Calf</identifier>
							<transform>
								<row0>-0.14793446967416005 1.30385191591051e-07 0.9889971651537773</row0>
								<row1>-7.281908873675388e-08 0.9999999999999872 -1.427280581168585e-07</row1>
								<row2>-0.9889971651537832 -9.313227191487136e-08 -0.14793446967414864</row2>
								<row3>-0.44461268186569214 -9.53674295089968e-09 1.907348590179936e-08</row3>
							</transform>
							<node>
								<identifier>biped R Foot</identifier>
								<transform>
									<row0>0.7824441902226218 -0.048955530626744514 0.6207933997779934</row0>
									<row1>-0.15626487532753114 0.9495711308344483 0.271838106645588</row1>
									<row2>-0.6027954693971552 -0.3097063504464201 0.7353363846345577</row2>
									<row3>-0.9388543963432312 0.025564346462488174 -0.06069641187787056</row3>
								</transform>
								<node>
									<identifier>biped R Toe0</identifier>
									<transform>
										<row0>1.9470724461085007e-07 0.0 -0.999999999999981</row0>
										<row1>-4.371167960925874e-08 0.999999999999999 -8.510980694031209e-15</row1>
										<row2>0.99999999999998 4.3711679609259564e-08 1.947072446108499e-07</row2>
										<row3>-0.03880760073661804 0.0 0.049943696707487106</row3>
									</transform>
								</node>
							</node>
						</node>
					</node>
					<node>
						<identifier>biped Tail</identifier>
						<transform>
							<row0>0.03182322528129539 -1.4305112455234798e-06 0.999493512900734</row0>
							<row1>-1.3853854843340365e-06 0.999999999997952 1.4753459235671903e-06</row1>
							<row2>-0.9994935129007976 -1.4316340701522255e-06 0.03182322527924841</row2>
							<row3>-0.03569496050477028 -8.400129303254289e-08 -0.23369494080543518</row3>
						</transform>
						<node>
							<identifier>biped Tail1</identifier>
							<transform>
								<row0>0.9973287866970323 -2.384186284228513e-07 -0.07304226184944478</row0>
								<row1>2.3832292472177737e-07 0.9999999999999717 -1.0025908966176293e-08</row1>
								<row2>0.0730422618494451 -7.408517847482081e-09 0.9973287866970607</row2>
								<row3>-0.45153847336769104 -1.0451912668685281e-09 -0.0003770446637645364</row3>
							</transform>
							<node>
								<identifier>biped Tail2</identifier>
								<transform>
									<row0>0.9961541616195856 2.3841854410037203e-07 0.08761784229210189</row0>
									<row1>-2.384362551726826e-07 0.9999999999999716 -1.0263619892738355e-08</row1>
									<row2>-0.08761784229210184 -1.0667122533006589e-08 0.9961541616196141</row2>
									<row3>-0.4747663736343384 -8.635834269909992e-10 -0.0003113937273155898</row3>
								</transform>
								<node>
									<identifier>biped Tail3</identifier>
									<transform>
										<row0>0.9715267738420353 7.152556031921291e-07 0.23692979489202143</row0>
										<row1>-7.136010251398089e-07 0.9999999999997411 -9.274098024484582e-08</row1>
										<row2>-0.23692979489202642 -7.897299918088819e-08 0.9715267738422941</row2>
										<row3>-0.3925687372684479 -8.493952763366508e-10 -0.00030620573670603335</row3>
									</transform>
									<node>
										<identifier>biped Tail4</identifier>
										<transform>
											<row0>0.9918561207245631 -3.576278199394726e-07 -0.12736340047711237</row0>
											<row1>3.5759222433262294e-07 0.9999999999999359 -2.3144667153860146e-08</row1>
											<row2>0.12736340047711248 -2.258798189648833e-08 0.9918561207246273</row2>
											<row3>-0.3959074318408966 -7.893686260196375e-10 -0.0002848815929610282</row3>
										</transform>
										<node>
											<identifier>biped Tail5</identifier>
											<transform>
												<row0>0.9208370500072518 -1.072883612122101e-06 -0.38994759562381054</row0>
												<row1>1.0735704360077195e-06 0.9999999999994004 -2.1618335335098783e-07</row1>
												<row2>0.3899475956238087 -2.1956656889361716e-07 0.9208370500078515</row2>
												<row3>-0.3607379198074341 -6.4443156366778e-10 -0.00023235320986714214</row3>
											</transform>
											<node>
												<identifier>biped Tail6</identifier>
												<transform>
													<row0>0.9338807408316231 -1.0728835996005096e-06 -0.35758462201642266</row0>
													<row1>1.0675222356119119e-06 0.9999999999994077 -2.1238369514923774e-07</row1>
													<row2>0.3575846220164387 -1.8338849254888427e-07 0.9338807408322152</row2>
													<row3>-0.31701356172561646 -5.432230221202872e-10 -0.0001958465581992641</row3>
												</transform>
												<node>
													<identifier>biped Tail7</identifier>
													<transform>
														<row0>0.9732404159111264 -7.15255609498299e-07 -0.22978923568484708</row0>
														<row1>7.131706739299714e-07 0.9999999999997415 -9.21239244466767e-08</row1>
														<row2>0.22978923568485357 -7.42202175313666e-08 0.9732404159113849</row2>
														<row3>-0.26322540640830994 -7.363268883509022e-10 -0.0002659606980159879</row3>
													</transform>
												</node>
											</node>
										</node>
									</node>
								</node>
							</node>
							<node>
								<identifier>biped_bone12</identifier>
								<transform>
									<row0>0.3523799413781036 0.7550368169261201 -0.5529446464162909</row0>
									<row1>0.8938045707723905 -0.44664374742165475 -0.04028191835349677</row1>
									<row2>-0.2773836004054161 -0.4800299123230014 -0.8322436556033419</row2>
									<row3>-0.11451263725757599 -0.2123185396194458 -0.1100304052233696</row3>
								</transform>
								<node>
									<identifier>biped_bone13</identifier>
									<transform>
										<row0>-0.26537748872866007 0.08812034031013741 -0.9601091573876875</row0>
										<row1>0.014397491439022858 0.9960656551182799 0.08744096828177919</row1>
										<row2>0.964037084720465 0.009381701200604331 -0.2656021140093757</row2>
										<row3>-0.44172370433807373 1.1444091541079615e-07 1.1444091541079615e-07</row3>
									</transform>
									<node>
										<identifier>biped_bone14</identifier>
										<transform>
											<row0>0.9996887579416817 0.004162207767265214 -0.024598033895412034</row0>
											<row1>0.0004218074695075029 0.983023526450055 0.18347906835428562</row1>
											<row2>0.02494412254025506 -0.1834323266524057 0.9827157539595546</row2>
											<row3>-0.7162358164787292 -1.2969970839549205e-06 -2.059936605292023e-06</row3>
										</transform>
									</node>
								</node>
							</node>
							<node>
								<identifier>biped_bone15</identifier>
								<transform>
									<row0>0.2936478742448342 0.7025015089140905 -0.6482766044867855</row0>
									<row1>0.8043809905664113 -0.5480040635240327 -0.2294836995878939</row1>
									<row2>-0.5164708587780039 -0.4540739767202849 -0.725999087946078</row2>
									<row3>-0.3684020936489105 -0.20199814438819885 -0.10145252197980881</row3>
								</transform>
								<node>
									<identifier>biped_bone16</identifier>
									<transform>
										<row0>-0.4105409832553512 0.014114831067942575 -0.9117328954313609</row0>
										<row1>0.0042379658761935906 0.9998988628651235 0.01357145817438095</row1>
										<row2>0.9118322442180213 0.0017077468840779395 -0.4105592804889696</row2>
										<row3>-0.308930903673172 -4.577636616431846e-07 3.814697180359872e-08</row3>
									</transform>
									<node>
										<identifier>biped_bone17</identifier>
										<transform>
											<row0>0.9999201206981744 0.0033746366082727654 -0.012180478262798614</row0>
											<row1>-0.00018898095540228208 0.967581865168878 0.25255751519706104</row1>
											<row2>0.012637899712646065 -0.2525350392006569 0.9675052131470796</row2>
											<row3>-0.7138392925262451 -0.0001538848882773891 -6.0729980759788305e-05</row3>
										</transform>
									</node>
								</node>
							</node>
							<node>
								<identifier>biped_bone06</identifier>
								<transform>
									<row0>0.3519934497185144 -0.7552573855465294 -0.5528895847569211</row0>
									<row1>0.8939166675496867 0.4463848549144914 -0.040663900204373736</row1>
									<row2>0.2775132480299319 -0.47992378861688995 0.832261710213493</row2>
									<row3>-0.11451248079538345 0.21230384707450867 -0.110031358897686</row3>
								</transform>
								<node>
									<identifier>biped_bone07</identifier>
									<transform>
										<row0>-0.265377725480138 0.08812074208791204 0.9601090550728413</row0>
										<row1>0.014396400570241552 0.996065607700075 -0.08744168804238249</row1>
										<row2>-0.964037035839189 -0.00938296173688652 -0.26560224690208184</row2>
										<row3>-0.44172370433807373 -3.814697180359872e-08 -1.5258788721439487e-07</row3>
									</transform>
									<node>
										<identifier>biped_bone08</identifier>
										<transform>
											<row0>0.9996898688449996 0.0038808274230630957 0.02459888833220017</row0>
											<row1>0.000689133031646244 0.9830924533753984 -0.183103049278567</row1>
											<row2>-0.024893598039856024 0.18306340071919414 0.9827858872072562</row2>
											<row3>-0.716237485408783 -1.220703097715159e-06 2.288818308215923e-07</row3>
										</transform>
									</node>
								</node>
							</node>
							<node>
								<identifier>biped_bone09</identifier>
								<transform>
									<row0>0.2935355507188 -0.7025308974081202 -0.648295625969474</row0>
									<row1>0.8042836421799519 0.5480442505621227 -0.2297288017370752</row1>
									<row2>0.5166862717219822 -0.453979996930198 0.7259045798183777</row2>
									<row3>-0.36840203404426575 0.2020161747932434 -0.10145358741283417</row3>
								</transform>
								<node>
									<identifier>biped_bone10</identifier>
									<transform>
										<row0>-0.4105409399681301 0.014115212539887286 0.9117329090172396</row0>
										<row1>0.004237574227593361 0.9998988564542275 -0.01357205278901125</row1>
										<row2>-0.911832319877185 -0.001708347533423027 -0.4105592551338916</row2>
										<row3>-0.30893081426620483 -1.5258788721439487e-07 3.0517577442878974e-07</row3>
									</transform>
									<node>
										<identifier>biped_bone11</identifier>
										<transform>
											<row0>0.9999201866123852 0.0031115708320871346 0.012244939036581191</row0>
											<row1>8.204325774083254e-05 0.967578184011417 -0.2525716751618683</row1>
											<row2>-0.012633829780755812 0.25255250612224417 0.9675006453678253</row2>
											<row3>-0.7138587832450867 5.111694463266758e-06 2.326965295651462e-05</row3>
										</transform>
									</node>
								</node>
							</node>
						</node>
						<node>
							<identifier>biped_bone18</identifier>
							<transform>
								<row0>0.026525705649433108 -0.5361936606890115 -0.8436781051898388</row0>
								<row1>0.899231287034042 -0.35586833790751615 0.2544419369615716</row1>
								<row2>-0.43666847863509833 -0.7654110002970148 0.47272245681958647</row2>
								<row3>-0.10334411263465881 0.2564776539802551 -0.09578976035118103</row3>
							</transform>
							<node>
								<identifier>biped_bone19</identifier>
								<transform>
									<row0>-0.6057883965661078 -0.012824190502273179 0.7955224438844108</row0>
									<row1>-0.014298390457633425 0.9998840331199416 0.005230404653058469</row1>
									<row2>-0.7954973127495867 -0.008206172561427883 -0.6059015465734334</row2>
									<row3>-0.4301678538322449 7.629394360719743e-08 -1.0490417423625331e-07</row3>
								</transform>
								<node>
									<identifier>biped_bone20</identifier>
									<transform>
										<row0>0.9999396398288707 -0.002565622153352678 -0.010677784067335876</row0>
										<row1>0.0003690771082202906 0.9796283060640167 -0.20081893770317896</row1>
										<row2>0.010975485033785619 0.20080287531206742 0.9795701224442247</row2>
										<row3>-0.8454517126083374 -6.294250738392293e-07 -1.4210854397564648e-16</row3>
									</transform>
								</node>
							</node>
						</node>
						<node>
							<identifier>biped_bone24</identifier>
							<transform>
								<row0>0.1971473802091257 -0.6857737757015775 -0.7006049093723801</row0>
								<row1>0.9067010995767686 0.3993343955286095 -0.13573885723989654</row1>
								<row2>0.37286216444044323 -0.6084792981580762 0.7005202762171735</row2>
								<row3>-0.3600746989250183 0.2966017425060272 -0.09494621306657791</row3>
							</transform>
							<node>
								<identifier>biped_bone25</identifier>
								<transform>
									<row0>-0.34189131855199406 0.023421529679966212 0.9394475814255042</row0>
									<row1>0.008009896406616278 0.9997256783475369 -0.02200930739737912</row1>
									<row2>-0.9397053622590084 8.66801583981891e-08 -0.34198513438694716</row2>
									<row3>-0.4067738354206085 -7.629394360719743e-08 -1.7166138377433526e-07</row3>
								</transform>
								<node>
									<identifier>biped_bone26</identifier>
									<transform>
										<row0>0.9999609783238106 0.0015499594012532909 0.008690238561516772</row0>
										<row1>0.00025152566662206837 0.9790615072625091 -0.20356419754568103</row1>
										<row2>-0.008823795358132241 0.20355846421358714 0.9790230294954678</row2>
										<row3>-0.7596162557601929 -3.0517577442878974e-07 1.5258789289873675e-06</row3>
									</transform>
								</node>
							</node>
						</node>
						<node>
							<identifier>biped_bone21</identifier>
							<transform>
								<row0>0.026931509433322107 0.5363330852565178 -0.8435766209769374</row0>
								<row1>0.8991007061612031 0.3558404982841551 0.25494207177574707</row1>
								<row2>0.43691259306647234 -0.7653263104324252 -0.47263413395545417</row2>
								<row3>-0.10334497690200806 -0.2564791142940521 -0.09578845649957657</row3>
							</transform>
							<node>
								<identifier>biped_bone22</identifier>
								<transform>
									<row0>-0.605788365804805 -0.012824908231271194 -0.7955224557386192</row0>
									<row1>-0.014297392493742919 0.99988403869182 -0.005232067271082237</row1>
									<row2>0.7954973066965767 0.008204371305351557 -0.6059014805401046</row2>
									<row3>-0.4301677346229553 1.335144048653092e-07 2.384185791015625e-07</row3>
								</transform>
								<node>
									<identifier>biped_bone23</identifier>
									<transform>
										<row0>0.9999409789126252 -0.0020807678551368705 0.01066344674078688</row0>
										<row1>-0.00010504326301038125 0.9795914905508363 0.20099875772328454</row1>
										<row2>-0.01086405344120993 -0.20098801468128336 0.9795334554252358</row2>
										<row3>-0.8454598784446716 -0.0002218627923866734 9.002685146697331e-06</row3>
									</transform>
								</node>
							</node>
						</node>
						<node>
							<identifier>biped_bone27</identifier>
							<transform>
								<row0>0.19733990189502013 0.6856818011752829 -0.7006407286599058</row0>
								<row1>0.9066745436308298 -0.3994564874531834 -0.13555731836898782</row1>
								<row2>-0.37282467065886377 -0.6085022449988041 -0.7005189382019056</row2>
								<row3>-0.36007556319236755 -0.2965988218784332 -0.09494461119174957</row3>
							</transform>
							<node>
								<identifier>biped_bone28</identifier>
								<transform>
									<row0>-0.34189117351894777 0.023421541128391912 -0.9394476339216613</row0>
									<row1>0.008009434622506244 0.9997256780792453 0.022009487636492124</row1>
									<row2>0.9397054189621684 4.051514273378798e-07 -0.34198497857796517</row2>
									<row3>-0.40677398443222046 3.814697180359872e-08 1.7166138377433526e-07</row3>
								</transform>
								<node>
									<identifier>biped_bone29</identifier>
									<transform>
										<row0>0.9999608596726033 0.0016658156277974791 -0.008689314191725207</row0>
										<row1>0.00013952885403732088 0.9790250900652524 0.20374435183328585</row1>
										<row2>0.008846448697887489 -0.20373739532358015 0.9789856046399247</row2>
										<row3>-0.759614884853363 -1.2969970839549205e-06 -2.9754637580481358e-06</row3>
									</transform>
								</node>
							</node>
						</node>
					</node>
				</node>
			</node>
		</node>
	</node>
	<anim>
		<name>ability1</name>
		<res>/ability1.anim</res>
		<durationMS>2000</durationMS>
		<_ModifyTime>1723174607</_ModifyTime>
		<motion>
			<trans />
		</motion>
	</anim>
	<anim>
		<name>attack1</name>
		<res>/attack1.anim</res>
		<durationMS>1500</durationMS>
		<_ModifyTime>1723174608</_ModifyTime>
		<motion>
			<trans />
		</motion>
	</anim>
	<anim>
		<name>attack2</name>
		<res>/attack2.anim</res>
		<durationMS>1500</durationMS>
		<_ModifyTime>1723174610</_ModifyTime>
		<motion>
			<trans />
		</motion>
	</anim>
	<anim>
		<name>die</name>
		<res>/die.anim</res>
		<durationMS>1933</durationMS>
		<_ModifyTime>1723174611</_ModifyTime>
		<motion>
			<trans />
		</motion>
	</anim>
	<anim>
		<name>idle1</name>
		<res>/idle1.anim</res>
		<durationMS>1000</durationMS>
		<_ModifyTime>1723174612</_ModifyTime>
		<motion>
			<trans />
		</motion>
	</anim>
	<anim>
		<name>walk</name>
		<res>/walk.anim</res>
		<durationMS>666</durationMS>
		<_ModifyTime>1723174613</_ModifyTime>
		<motion>
			<trans />
		</motion>
	</anim>
</Root>