<Root>
	<matrixlayout>column major</matrixlayout>
	<system>character</system>
	<node>
		<identifier>Scene Root</identifier>
		<transform>
			<row0>1.0 0.0 0.0</row0>
			<row1>0.0 1.0 0.0</row1>
			<row2>0.0 0.0 1.0</row2>
			<row3>0.0 0.0 0.0</row3>
		</transform>
		<node>
			<identifier>biped</identifier>
			<transform>
				<row0>1.6292068456008894e-07 -0.9999999999999867 -0.0</row0>
				<row1>0.9999999999999255 1.6292068456007896e-07 -3.496779470424157e-07</row1>
				<row2>3.4967794704241105e-07 5.69697705077169e-14 0.9999999999999388</row2>
				<row3>-5.587386997518706e-09 0.3846132159233093 0.037003591656684875</row3>
			</transform>
			<node>
				<identifier>biped Spine3</identifier>
				<transform>
					<row0>0.6078628714489993 -5.960463729488788e-07 0.7940420199922811</row0>
					<row1>5.36840799547734e-07 0.9999999999997983 3.396807426228126e-07</row1>
					<row2>-0.7940420199923234 2.1979484130052265e-07 0.6078628714491966</row2>
					<row3>-0.047143593430519104 5.2223821711550045e-08 -0.10702204704284668</row3>
				</transform>
				<node>
					<identifier>biped Spine4</identifier>
					<transform>
						<row0>0.8418127745727373 1.1920930165625752e-07 0.5397696291624192</row0>
						<row1>-1.0035191178954295e-07 0.999999999999993 -6.434556240764702e-08</row1>
						<row2>-0.539769629162423 2.2094431574399287e-15 0.8418127745727433</row2>
						<row3>-0.25052711367607117 -2.8112117078649135e-08 0.0</row3>
					</transform>
					<node>
						<identifier>biped Spine5</identifier>
						<transform>
							<row0>0.6588350370400694 -1.0587911577058287e-22 0.7522874410545549</row0>
							<row1>-4.276257061127803e-14 1.0 3.745041902998611e-14</row1>
							<row2>-0.7522874410545549 -5.6843393026860085e-14 0.6588350370400694</row2>
							<row3>-0.29273539781570435 1.3551471143152805e-12 0.0</row3>
						</transform>
						<node>
							<identifier>biped_bone01</identifier>
							<transform>
								<row0>0.9891614114637264 -4.768371199831819e-07 0.14683222422500158</row0>
								<row1>4.5389980290443063e-07 0.9999999999998789 1.8971959613158966e-07</row1>
								<row2>-0.14683222422507428 -1.2101618585610397e-07 0.9891614114638232</row2>
								<row3>-0.24680180847644806 -1.526495019277263e-08 -2.288818308215923e-07</row3>
							</transform>
						</node>
					</node>
				</node>
			</node>
			<node>
				<identifier>biped Spine2</identifier>
				<transform>
					<row0>-0.12391159884763871 -1.5735623637855757e-05 -0.9922932007295656</row0>
					<row1>-2.9985991203118544e-05 0.9999999994770533 -1.2113366803057526e-05</row1>
					<row2>0.9922932004012606 2.82539085399963e-05 -0.12391159925468782</row2>
					<row3>-0.032025642693042755 9.01029864053271e-08 -0.09255559742450714</row3>
				</transform>
				<node>
					<identifier>biped Spine1</identifier>
					<transform>
						<row0>0.9992350360350293 8.470329489887212e-22 0.03910681219523837</row0>
						<row1>-8.4638499930119765e-22 1.0 -3.3124758571819204e-23</row1>
						<row2>-0.03910681219523837 1.1262451342036265e-31 0.9992350360350293</row2>
						<row3>-0.1736890822649002 -5.505280675777158e-09 -7.105427198782324e-17</row3>
					</transform>
					<node>
						<identifier>biped Head</identifier>
						<transform>
							<row0>0.999999999999996 1.3642417273987352e-12 -8.940694584680351e-08</row0>
							<row1>-1.3642414021382246e-12 1.0 3.637978156570395e-12</row1>
							<row2>8.940694584680351e-08 -3.6379780345977232e-12 0.999999999999996</row2>
							<row3>-0.26047763228416443 0.0 3.814697180359872e-08</row3>
						</transform>
						<node>
							<identifier>biped_bone25</identifier>
							<transform>
								<row0>0.8616263826016463 2.7179719709101515e-05 -0.5075430780397505</row0>
								<row1>-1.5036967069730529e-05 0.9999999994942678 2.802416734496355e-05</row1>
								<row2>0.5075430785447587 -1.6514453383910728e-05 0.8616263825745946</row2>
								<row3>-0.0587838739156723 -8.320803317474201e-06 0.023754006251692772</row3>
							</transform>
							<node>
								<identifier>biped_bone24</identifier>
								<transform>
									<row0>0.9999999999999356 -3.576278970740302e-07 -2.980232594040898e-08</row0>
									<row1>3.57627883776655e-07 0.9999999999998365 -4.4618462879948395e-07</row1>
									<row2>2.98024855084746e-08 4.461846181413125e-07 0.9999999999999</row2>
									<row3>-0.17374494671821594 3.6886159904270244e-08 3.814697180359872e-08</row3>
								</transform>
							</node>
						</node>
					</node>
					<node>
						<identifier>biped_bone23</identifier>
						<transform>
							<row0>0.48032413776612737 -0.6058315491372871 0.634237224348383</row0>
							<row1>-0.7077538938039472 -0.694821212647124 -0.127701953985227</row1>
							<row2>0.5180473808164483 -0.3875455572884872 -0.7625190832072163</row2>
							<row3>-0.0587666779756546 0.1045207604765892 0.10248588770627975</row3>
						</transform>
						<node>
							<identifier>biped L Forearm</identifier>
							<transform>
								<row0>0.34682641109593665 2.2351744002968455e-08 0.9379293366593838</row0>
								<row1>2.0200303350538838e-08 0.9999999999999992 -3.130059117422247e-08</row1>
								<row2>-0.9379293366593837 2.980232882402596e-08 0.3468264110959359</row2>
								<row3>-0.2791569232940674 -1.776356799695581e-17 0.0</row3>
							</transform>
							<node>
								<identifier>biped L Hand</identifier>
								<transform>
									<row0>0.9409023358700792 0.0002255588875965782 0.33867793473655317</row0>
									<row1>0.002030920496590055 0.9999780406787087 -0.006308210705685263</row1>
									<row2>-0.33867192047195954 0.006623238147539158 0.940881216201214</row2>
									<row3>-0.21584251523017883 -7.629394360719743e-08 1.5258788721439487e-07</row3>
								</transform>
								<node>
									<identifier>biped_bone22</identifier>
									<transform>
										<row0>0.999999999674974 2.548843621379201e-05 -6.258487701414792e-07</row0>
										<row1>-2.5488420564004924e-05 0.9999999993628456 2.4992988975474784e-05</row1>
										<row2>6.264858019480102e-07 -2.4992973015454752e-05 0.9999999996874794</row2>
										<row3>-0.41537001729011536 -1.058101679518586e-05 1.5258788721439487e-07</row3>
									</transform>
								</node>
							</node>
						</node>
					</node>
					<node>
						<identifier>biped_bone21</identifier>
						<transform>
							<row0>0.479883365804117 0.606075143167194 0.6343380461946858</row0>
							<row1>-0.7075491970455975 0.6948583846062956 -0.12863063357215296</row1>
							<row2>-0.5187350015691118 -0.3870977200020452 0.7622790521300661</row2>
							<row3>-0.05876350402832031 -0.1045565977692604 0.10247999429702759</row3>
						</transform>
						<node>
							<identifier>biped R Forearm</identifier>
							<transform>
								<row0>0.3468254254453537 -6.258487215788423e-07 -0.9379297011313042</row0>
								<row1>1.9958992338029803e-07 0.999999999999804 -5.93462240097905e-07</row1>
								<row2>0.9379297011314918 1.8626476722805855e-08 0.3468254254454107</row2>
								<row3>-0.27915704250335693 4.2915345943583816e-08 9.53674295089968e-09</row3>
							</transform>
							<node>
								<identifier>biped R Hand</identifier>
								<transform>
									<row0>0.9407952484929173 0.00037427618033657666 -0.33897498598156905</row0>
									<row1>0.002388727711289716 0.9999671809509606 0.00773380835191045</row1>
									<row2>0.3389667961331201 -0.008085650056564976 0.9407635905913933</row2>
									<row3>-0.21584270894527435 2.8610228852699038e-08 3.814697180359872e-08</row3>
								</transform>
								<node>
									<identifier>biped_bone20</identifier>
									<transform>
										<row0>0.9999999833060316 -0.00010244175620724471 0.00015130638903035335</row0>
										<row1>0.00010242485473518617 0.9999999885153309 0.00011170714954254442</row1>
										<row2>-0.0001513178307692296 -0.00011169165014279184 0.9999999823139446</row2>
										<row3>-0.41542908549308777 3.374576408532448e-05 -2.86102294921875e-05</row3>
									</transform>
								</node>
							</node>
						</node>
					</node>
				</node>
				<node>
					<identifier>biped R Calf</identifier>
					<transform>
						<row0>-0.5104250934040346 0.6020047099428706 0.6140493084680437</row0>
						<row1>-0.7303460369038847 -0.6804375034406834 0.0599945920972323</row1>
						<row2>0.4539392325139957 -0.417845758533788 0.7869841772614795</row2>
						<row3>0.002012872602790594 -0.07140287011861801 0.10262748599052429</row3>
					</transform>
					<node>
						<identifier>biped R Foot</identifier>
						<transform>
							<row0>0.2624942038646979 -5.960464419322093e-08 -0.9649335691836174</row0>
							<row1>4.4403120776757736e-08 0.9999999999999979 -4.969158902450156e-08</row1>
							<row2>0.9649335691836183 -2.980230771424978e-08 0.26249420386469996</row2>
							<row3>-0.3345297873020172 -1.4305115314527939e-07 1.6212463549436507e-07</row3>
						</transform>
						<node>
							<identifier>biped R Toe</identifier>
							<transform>
								<row0>0.9528382317225554 -8.360297852350748e-05 -0.3034786601696662</row0>
								<row1>-0.0008215324444802291 0.9999955874098593 -0.0028548634386177433</row1>
								<row2>0.30347755971780915 0.002969540596198675 0.9528339585554092</row2>
								<row3>-0.20256315171718597 -3.33786012163273e-08 -7.629394360719743e-08</row3>
							</transform>
							<node>
								<identifier>biped_bone19</identifier>
								<transform>
									<row0>0.9999999809419873 -9.18880087506587e-05 -0.00017225742084521446</row0>
									<row1>9.189762645105006e-05 0.9999999942191299 5.582621724322422e-05</row1>
									<row2>0.00017225245436206313 -5.584209948252697e-05 1.0000009372797078</row2>
									<row3>-0.5683231949806213 1.9478797185001895e-05 4.0893555706134066e-05</row3>
								</transform>
							</node>
						</node>
					</node>
				</node>
				<node>
					<identifier>biped_bone18</identifier>
					<transform>
						<row0>-0.2608110271761301 0.8053321128436332 0.5323699804892662</row0>
						<row1>-0.9598229244904427 -0.2754512417198293 -0.05353921785319703</row1>
						<row2>0.10352512691699736 -0.5249445612757604 0.8448169953805492</row2>
						<row3>-0.0696469247341156 -0.09395431727170944 0.11467090249061584</row3>
					</transform>
					<node>
						<identifier>biped_bone17</identifier>
						<transform>
							<row0>0.1290856437311182 4.7683709637842253e-07 -0.9916334487008269</row0>
							<row1>-3.938823294258639e-08 0.9999999999998861 4.7573288455689194e-07</row1>
							<row2>0.9916334487009408 -2.2351596375998935e-08 0.12908564373112227</row2>
							<row3>-0.2925114929676056 -4.649162121950212e-08 3.814697180359872e-08</row3>
						</transform>
						<node>
							<identifier>biped_bone16</identifier>
							<transform>
								<row0>0.9737082619840232 0.00025936957997354745 -0.2277984926892056</row0>
								<row1>8.841263303739329e-05 0.9999988461983031 0.001516504292397046</row1>
								<row2>0.22779862318999958 -0.0014967730233818404 0.9737071155862307</row2>
								<row3>-0.19106537103652954 2.6226043559063328e-08 -1.9073486612342094e-07</row3>
							</transform>
							<node>
								<identifier>biped_bone15</identifier>
								<transform>
									<row0>0.9999999845212357 6.94803810051851e-05 0.00016164777996701549</row0>
									<row1>-6.946009013373147e-05 0.9999999897090791 -0.00012552743747564068</row1>
									<row2>-0.00016165649999769335 0.00012551620746326464 0.9999999790564286</row2>
									<row3>-0.3595287799835205 -3.455877231317572e-05 -4.615783836925402e-06</row3>
								</transform>
							</node>
						</node>
					</node>
				</node>
				<node>
					<identifier>biped_bone14</identifier>
					<transform>
						<row0>0.06044037258860148 0.8611621248239222 0.504724435836129</row0>
						<row1>-0.9766347908131168 0.15549093526586932 -0.14834774829287084</row1>
						<row2>-0.20623153671243094 -0.4839652506315851 0.8504388216952096</row2>
						<row3>-0.15796925127506256 -0.1074056550860405 0.11097060889005661</row3>
					</transform>
					<node>
						<identifier>biped_bone13</identifier>
						<transform>
							<row0>0.23148533710079983 2.3469331730777726e-07 -0.9728383929036076</row0>
							<row1>5.469727447370587e-09 0.9999999999999707 2.4254745775967145e-07</row1>
							<row2>0.9728383929036359 -6.146734088196042e-08 0.23148533710079172</row2>
							<row3>-0.28660622239112854 3.814697180359872e-08 3.552713599391162e-17</row3>
						</transform>
						<node>
							<identifier>biped_bone12</identifier>
							<transform>
								<row0>0.9627392378760813 -0.00018785895541527012 -0.27043136756448033</row0>
								<row1>0.0015692429564879249 0.9999877571417172 0.004891870068184536</row1>
								<row2>0.27042687983080116 -0.005133962883868208 0.9627268278645218</row2>
								<row3>-0.19371828436851501 -9.536743306171047e-08 0.0</row3>
							</transform>
							<node>
								<identifier>biped_bone11</identifier>
								<transform>
									<row0>0.9999999754335684 1.2403353744022798e-05 -0.00022131204063120187</row0>
									<row1>-1.2403665082946808e-05 0.999999999922087 -1.4054146160156733e-06</row1>
									<row2>0.00022131202318210414 1.4081596619204642e-06 0.9999999755095025</row2>
									<row3>-0.3183544874191284 1.0800361451401841e-05 2.0065308490302414e-05</row3>
								</transform>
							</node>
						</node>
					</node>
				</node>
				<node>
					<identifier>biped_bone10</identifier>
					<transform>
						<row0>0.06037007496767963 -0.8612822679127877 0.5045278079822774</row0>
						<row1>-0.9765994255548702 -0.15549002223052316 -0.14858134133412848</row1>
						<row2>0.20641951471286363 -0.48375170073681023 -0.8505147123830071</row2>
						<row3>-0.15797269344329834 0.10739731788635254 0.11097652465105057</row3>
					</transform>
					<node>
						<identifier>biped_bone09</identifier>
						<transform>
							<row0>0.23148523553510666 -1.3038517238463434e-08 0.9728383558022217</row0>
							<row1>2.838697131129766e-08 0.9999999999999996 6.647920962168753e-09</row1>
							<row2>-0.9728383558022213 2.6077038946941242e-08 0.23148523553510691</row2>
							<row3>-0.28660622239112854 3.814697180359872e-08 -5.7220457705398076e-08</row3>
						</transform>
						<node>
							<identifier>biped_bone08</identifier>
							<transform>
								<row0>0.9628172072343392 -0.0003417822882725477 0.2701532702542189</row0>
								<row1>0.0019193148891767928 0.9999825566303463 -0.005575253905108746</row1>
								<row2>-0.27014668455181867 0.0058864602902186 0.9628011832205607</row2>
								<row3>-0.19371825456619263 -9.53674295089968e-09 0.0</row3>
							</transform>
							<node>
								<identifier>biped_bone07</identifier>
								<transform>
									<row0>0.9999999896655748 -0.00014376640171249902 -2.682209014892482e-07</row0>
									<row1>0.00014376631129273676 0.9999998898449495 -0.0002836054489972919</row1>
									<row2>3.0899380685175955e-07 0.00028360540750526297 0.9999999001792907</row2>
									<row3>-0.31845274567604065 4.57763671875e-05 7.629394360719743e-08</row3>
								</transform>
							</node>
						</node>
					</node>
				</node>
				<node>
					<identifier>biped_bone06</identifier>
					<transform>
						<row0>-0.2609668959848224 -0.8056040970601562 0.531881864702997</row0>
						<row1>-0.959808067562582 0.27547956388100414 -0.05367858674793971</row1>
						<row2>-0.10327879622172226 -0.5245123386826822 -0.8451155523480889</row2>
						<row3>-0.06964990496635437 0.09392452985048294 0.11467605829238892</row3>
					</transform>
					<node>
						<identifier>biped_bone05</identifier>
						<transform>
							<row0>0.12908571354265505 -7.450580276258999e-09 0.991633379505701</row0>
							<row1>4.529123827377406e-08 0.9999999999999989 1.6176628375076147e-09</row1>
							<row2>-0.9916333795057 4.470348650976942e-08 0.12908571354265524</row2>
							<row3>-0.29251137375831604 4.17232506322307e-08 -1.9073486612342094e-07</row3>
						</transform>
						<node>
							<identifier>biped_bone04</identifier>
							<transform>
								<row0>0.973942902623217 0.0003628842257134934 0.22679279427621918</row0>
								<row1>4.346396485307335e-05 0.9999984028712097 -0.001786719315851096</row1>
								<row2>-0.2267930939490953 0.001750020015001658 0.9739413893900104</row2>
								<row3>-0.1910652369260788 -5.2452087118126656e-08 7.629394360719743e-08</row3>
							</transform>
							<node>
								<identifier>biped_bone03</identifier>
								<transform>
									<row0>0.9999999928048267 3.160164101245193e-05 0.00011572243888443464</row0>
									<row1>-3.1613291540234774e-05 0.9999999944324679 0.00010067603461523177</row1>
									<row2>-0.00011571925671224178 -0.00010067969225804844 0.9999999882363265</row2>
									<row3>-0.35935524106025696 2.449452949804254e-06 -1.3618468983622734e-05</row3>
								</transform>
							</node>
						</node>
					</node>
				</node>
				<node>
					<identifier>biped L Calf</identifier>
					<transform>
						<row0>-0.5105786078862702 -0.6020720908597197 0.6138555877213498</row0>
						<row1>-0.7304245047509821 0.6803725464408158 0.05977659164691956</row1>
						<row2>-0.4536402798431575 -0.4178544897966499 -0.7871518294784794</row2>
						<row3>0.002010564785450697 0.07137767225503922 0.10263147205114365</row3>
					</transform>
					<node>
						<identifier>biped L Foot</identifier>
						<transform>
							<row0>0.2624950244674308 5.960463427831687e-08 0.9649332841811155</row0>
							<row1>-4.440318742100705e-08 0.9999999999999979 -4.9691537535156336e-08</row1>
							<row2>-0.9649332841811163 -2.9802332105146783e-08 0.26249502446743284</row2>
							<row3>-0.3345296382904053 6.19888282926695e-08 -3.814697180359872e-08</row3>
						</transform>
						<node>
							<identifier>biped L Toe</identifier>
							<transform>
								<row0>0.9528868312622664 -0.0005550084941214936 0.30332533617098745</row0>
								<row1>-0.00010712234886737528 0.9999976479104316 0.002166263697441366</row1>
								<row2>-0.3033258430970101 -0.002096697197787898 0.9528845873296246</row2>
								<row3>-0.2025630921125412 -3.814697180359872e-08 1.5258788721439487e-07</row3>
							</transform>
							<node>
								<identifier>biped_bone02</identifier>
								<transform>
									<row0>0.9999999969543011 -7.267294836913988e-05 2.846121059276405e-05</row0>
									<row1>7.267545685106458e-05 0.9999999934743022 -8.81457522921107e-05</row1>
									<row2>-2.845480459532951e-05 8.814782045512763e-05 0.999999995710143</row2>
									<row3>-0.5684030055999756 3.2148360332939774e-05 4.653930773201864e-06</row3>
								</transform>
							</node>
						</node>
					</node>
				</node>
			</node>
		</node>
	</node>
	<anim>
		<name>ability1</name>
		<res>/ability1.anim</res>
		<durationMS>1733</durationMS>
		<_ModifyTime>1723175064</_ModifyTime>
		<motion>
			<trans />
		</motion>
	</anim>
	<anim>
		<name>attack1</name>
		<res>/attack1.anim</res>
		<durationMS>833</durationMS>
		<_ModifyTime>1723175065</_ModifyTime>
		<motion>
			<trans />
		</motion>
	</anim>
	<anim>
		<name>die</name>
		<res>/die.anim</res>
		<durationMS>2000</durationMS>
		<_ModifyTime>1723175066</_ModifyTime>
		<motion>
			<trans />
		</motion>
	</anim>
	<anim>
		<name>idle1</name>
		<res>/idle1.anim</res>
		<durationMS>1066</durationMS>
		<_ModifyTime>1723175067</_ModifyTime>
		<motion>
			<trans />
		</motion>
	</anim>
	<anim>
		<name>walk</name>
		<res>/walk.anim</res>
		<durationMS>1066</durationMS>
		<_ModifyTime>1723175068</_ModifyTime>
		<motion>
			<trans />
		</motion>
	</anim>
</Root>