<Root>
	<matrixlayout>column major</matrixlayout>
	<system />
	<node>
		<identifier>Scene Root</identifier>
		<transform>
			<row0>1.0 0.0 0.0</row0>
			<row1>0.0 1.0 0.0</row1>
			<row2>0.0 0.0 1.0</row2>
			<row3>0.0 0.0 0.0</row3>
		</transform>
		<node>
			<identifier>root</identifier>
			<transform>
				<row0>1.9470718377062833e-07 0.0 0.999999999999981</row0>
				<row1>1.1922376715854257e-23 1.0 -2.321372394196539e-30</row1>
				<row2>-0.999999999999981 1.1922376715854483e-23 1.9470718377062833e-07</row2>
				<row3>5.024499927230863e-09 0.0 -2.1962786110783718e-16</row3>
			</transform>
			<node>
				<identifier>Bone_01</identifier>
				<transform>
					<row0>4.371138834797025e-08 -0.999999999999999 -0.0</row0>
					<row1>-4.3711395330932884e-08 -1.9106857765420628e-15 -0.999999999999999</row1>
					<row2>0.999999999999998 4.3711388347970205e-08 -4.371139533093293e-08</row2>
					<row3>-1.3552526853146218e-22 2.887246608734131 5.024499483141653e-09</row3>
				</transform>
				<node>
					<identifier>Bone_05</identifier>
					<transform>
						<row0>-0.9127386244675934 -5.381164112504045e-15 0.4085440042455716</row0>
						<row1>-1.5909291598583594e-07 -0.9999999999999242 -3.5543357183460225e-07</row1>
						<row2>0.4085440042455406 -3.894144063898761e-07 0.9127386244675242</row2>
						<row3>0.1026904284954071 2.4479894565436477e-13 -0.7795706391334534</row3>
					</transform>
					<node>
						<identifier>Bone_06</identifier>
						<transform>
							<row0>0.9479070942171418 -1.192092900576048e-07 -0.3185469207711803</row0>
							<row1>8.515105860391724e-08 0.9999999999999891 -1.2084247254269293e-07</row1>
							<row2>0.31854692077119123 8.742282948727463e-08 0.9479070942171416</row2>
							<row3>-0.5048345923423767 -7.2759574515531e-14 0.0</row3>
						</transform>
						<node>
							<identifier>Bone_07</identifier>
							<transform>
								<row0>0.7953257018755335 -1.192093472046686e-07 -0.6061823388520783</row0>
								<row1>-1.027090312438997e-07 0.9999999999999398 -3.3141262404329997e-07</row1>
								<row2>0.6061823388520814 3.258413786083082e-07 0.7953257018754734</row2>
								<row3>-0.43641602993011475 7.2759574515531e-14 1.4210854397564648e-16</row3>
							</transform>
							<node>
								<identifier>Bone_46</identifier>
								<transform>
									<row0>0.9999999999999716 -1.42108547152016e-14 2.3841857910155572e-07</row0>
									<row1>1.421059382905425e-14 1.0 1.0942358130705232e-12</row1>
									<row2>-2.3841857910155572e-07 -1.0942358096824225e-12 0.9999999999999716</row2>
									<row3>-0.4448387026786804 3.2014213328934726e-12 0.0</row3>
								</transform>
							</node>
						</node>
					</node>
				</node>
				<node>
					<identifier>Bone_11</identifier>
					<transform>
						<row0>-0.9895466007955297 -3.57627869547328e-07 -0.14421346973804072</row0>
						<row1>-8.822446014620773e-07 0.9999999999932248 3.5738289761580386e-06</row1>
						<row2>0.14421346973578555 3.6637018703162562e-06 -0.9895466007891407</row2>
						<row3>0.2878277599811554 -6.103508098931343e-07 1.0950922966003418</row3>
					</transform>
					<node>
						<identifier>Bone_12</identifier>
						<transform>
							<row0>0.9856533765112783 -5.684341748190704e-14 -0.16878217136865012</row0>
							<row1>-2.4144498932495203e-07 0.9999999999989768 -1.4099897156406001e-06</row1>
							<row2>0.16878217136847742 1.4305127336316806e-06 0.9856533765102697</row2>
							<row3>-0.3084127902984619 -1.469178840807217e-07 0.0</row3>
						</transform>
						<node>
							<identifier>Bone_13</identifier>
							<transform>
								<row0>0.9433544145689836 2.3841827732601767e-07 -0.33178675156364107</row0>
								<row1>9.150325403379565e-08 0.9999999999995168 9.787560064881664e-07</row1>
								<row2>0.3317867515637141 -9.536733669198962e-07 0.9433544145685061</row2>
								<row3>-0.3409997522830963 -1.164153192248496e-12 1.5258788721439487e-07</row3>
							</transform>
							<node>
								<identifier>Bone_42</identifier>
								<transform>
									<row0>0.9999999999999556 5.6843405308278334e-14 2.980231386118116e-07</row0>
									<row1>-5.6842549805442764e-14 1.0 -2.870592001949374e-12</row1>
									<row2>-2.980231386118116e-07 2.8705919850088516e-12 0.9999999999999556</row2>
									<row3>-0.3330399990081787 -1.746229788372744e-12 -6.866455350973411e-07</row3>
								</transform>
							</node>
						</node>
					</node>
				</node>
				<node>
					<identifier>Bone_02</identifier>
					<transform>
						<row0>-0.9975912230987326 -1.1920928550656477e-07 0.0693659310257893</row0>
						<row1>-1.3629251187619538e-08 0.9999999999988409 1.522546624581222e-06</row1>
						<row2>-0.0693659310258904 1.5179337437430143e-06 -0.9975912230975779</row2>
						<row3>0.013174743391573429 3.123871062001016e-14 0.19128744304180145</row3>
					</transform>
					<node>
						<identifier>Bone_03</identifier>
						<transform>
							<row0>1.0 -1.065814188343445e-14 7.450581485102248e-09</row0>
							<row1>1.0658142586538155e-14 1.0 -9.436897064566546e-14</row1>
							<row2>-7.450581485102248e-09 9.436897072507481e-14 1.0</row2>
							<row3>-0.965333878993988 -1.525878161601213e-07 1.1444091541079615e-07</row3>
						</transform>
						<node>
							<identifier>Bone_04</identifier>
							<transform>
								<row0>1.0 7.993605777301129e-15 -0.0</row0>
								<row1>-7.993605777286588e-15 0.999999999998181 1.9073490875563814e-06</row1>
								<row2>1.5246596685620727e-20 -1.9073490875563814e-06 0.999999999998181</row2>
								<row3>-0.9653334021568298 7.629396492347951e-08 1.4781952017983713e-07</row3>
							</transform>
							<node>
								<identifier>Bone_44</identifier>
								<transform>
									<row0>0.9999999999996632 1.1920927533988638e-07 8.121132850644295e-07</row0>
									<row1>-1.1920850186679044e-07 0.9999999999995394 -9.52420180055178e-07</row1>
									<row2>-8.121133986013749e-07 9.52420083244049e-07 0.9999999999992167</row2>
									<row3>-0.965334415435791 -5.126739921479384e-08 -1.245140992978122e-06</row3>
								</transform>
							</node>
						</node>
						<node>
							<identifier>Bone_08</identifier>
							<transform>
								<row0>0.631981609108474 -0.5329956990285339 0.5625965077795527</row0>
								<row1>-0.3981040844613037 -0.8461179497071252 -0.35439745077897744</row1>
								<row2>0.6649153206866953 7.035565338653349e-07 -0.746918748135039</row2>
								<row3>-0.32854706048965454 -0.31181564927101135 -0.45987260341644287</row3>
							</transform>
							<node>
								<identifier>Bone_09</identifier>
								<transform>
									<row0>0.9760921534855186 0.21735709766169156 -2.9802319545523046e-07</row0>
									<row1>-0.21735709766155498 0.9760921534854985 4.327514773194111e-07</row1>
									<row2>3.849597077594821e-07 -3.576278646207723e-07 0.999999999999862</row2>
									<row3>-0.3925227224826813 -1.5258788721439487e-07 3.0517577442878974e-07</row3>
								</transform>
								<node>
									<identifier>Bone_10</identifier>
									<transform>
										<row0>0.9915935796428964 -0.12939154845019643 -8.046625428190516e-07</row0>
										<row1>0.12939154845256004 0.9915935796317579 4.703797003404461e-06</row1>
										<row2>1.8926663336363888e-07 -4.76837144091649e-06 0.9999999999886134</row2>
										<row3>-0.3285607099533081 7.629394360719743e-08 3.0517577442878974e-07</row3>
									</transform>
									<node>
										<identifier>Bone_43</identifier>
										<transform>
											<row0>0.9999999999999623 5.960465188081573e-08 -2.6822092991095755e-07</row0>
											<row1>-5.960457194474136e-08 0.9999999999999538 2.980232522986386e-07</row1>
											<row2>2.6822094767451737e-07 -2.9802323631143364e-07 0.9999999999999196</row2>
											<row3>-0.3865227997303009 -7.105427198782324e-17 4.577636616431846e-07</row3>
										</transform>
									</node>
								</node>
							</node>
						</node>
					</node>
					<node>
						<identifier>Bone_14</identifier>
						<transform>
							<row0>0.7237891904226376 0.4090661863162099 -0.5556924176557161</row0>
							<row1>-0.05537559911819878 0.8371640673049515 0.5441414038976736</row1>
							<row2>0.6877955734443508 -0.36307186564940896 0.6285825876718302</row2>
							<row3>-0.9006628394126892 0.5718797445297241 0.15136852860450745</row3>
						</transform>
						<node>
							<identifier>Bone_15</identifier>
							<transform>
								<row0>0.924179239106462 0.3819590737296351 4.470348358153851e-07</row0>
								<row1>-0.38195907372957366 0.9241792391065696 -2.1902026503536963e-07</row1>
								<row2>-4.967970919789219e-07 3.166497007638703e-08 0.9999999999998761</row2>
								<row3>-0.33543577790260315 -7.629394360719743e-08 3.814697322468419e-07</row3>
							</transform>
							<node>
								<identifier>Bone_16</identifier>
								<transform>
									<row0>0.9692670695246187 0.24601086954630777 -4.768371582030709e-07</row0>
									<row1>-0.2460108695462395 0.9692670695247332 1.9789482053053776e-07</row1>
									<row2>5.108668318494202e-07 -7.450580884823948e-08 0.9999999999998668</row2>
									<row3>-0.3354364037513733 7.105427198782324e-17 -2.8421708795129297e-16</row3>
								</transform>
								<node>
									<identifier>Bone_17</identifier>
									<transform>
										<row0>0.9305116241264215 0.36626219864507353 -0.0</row0>
										<row1>-0.3662621986450418 0.9305116241263408 4.1636252850660105e-07</row1>
										<row2>1.524978733034124e-07 -3.874302188113406e-07 0.9999999999999133</row2>
										<row3>-0.33551156520843506 -7.629394360719743e-08 7.629394360719743e-08</row3>
									</transform>
									<node>
										<identifier>Bone_45</identifier>
										<transform>
											<row0>0.9999999999999711 1.1920926112906838e-07 -2.0861621408129852e-07</row0>
											<row1>-1.192093295187889e-07 0.9999999999999392 -3.2782554626462366e-07</row1>
											<row2>2.086161750014447e-07 3.278255711336132e-07 0.9999999999999245</row2>
											<row3>-0.4165817201137543 -7.629394360719743e-08 -2.288818308215923e-07</row3>
										</transform>
									</node>
								</node>
							</node>
						</node>
					</node>
					<node>
						<identifier>Bone_36</identifier>
						<transform>
							<row0>-0.19618442022450439 1.4305112011039796e-06 -0.9805670161998764</row0>
							<row1>-1.4082700440033541e-08 0.9999999999989316 1.461678787726345e-06</row1>
							<row2>0.9805670162009197 3.0056763707507036e-07 -0.19618442022427465</row2>
							<row3>-0.8132292032241821 -4.577634626912186e-07 0.2019760012626648</row3>
						</transform>
						<node>
							<identifier>Bone_47</identifier>
							<transform>
								<row0>0.9999999999999463 -1.0480505352460917e-13 3.278255462646308e-07</row0>
								<row1>1.0480583618305807e-13 1.0 -2.387423592153808e-12</row1>
								<row2>-3.278255462646308e-07 2.3874236265117105e-12 0.9999999999999463</row2>
								<row3>-0.43204647302627563 -1.8098944652017446e-12 3.0517577442878974e-07</row3>
							</transform>
						</node>
					</node>
					<node>
						<identifier>Bone_39</identifier>
						<transform>
							<row0>0.4914975751403255 -1.4305112440446118e-06 0.8708789431540608</row0>
							<row1>5.130729499347587e-08 -0.9999999999986017 -1.6715625823340088e-06</row1>
							<row2>0.8708789431552342 8.662513987524784e-07 -0.49149757513956477</row2>
							<row3>-0.7822421193122864 7.629392371200083e-07 -0.5705960988998413</row3>
						</transform>
						<node>
							<identifier>Bone_50</identifier>
							<transform>
								<row0>0.9999999999999059 1.1920916165307759e-07 -4.1723251342769806e-07</row0>
								<row1>-1.1920888974891022e-07 0.9999999999997805 6.516849566649265e-07</row1>
								<row2>4.1723259111442384e-07 -6.516849069270404e-07 0.9999999999997006</row2>
								<row3>-0.28793850541114807 2.1555023391184314e-12 7.629394644936838e-07</row3>
							</transform>
						</node>
					</node>
					<node>
						<identifier>Bone_40</identifier>
						<transform>
							<row0>0.07182086895572201 0.9974050371016056 0.0049954726292809675</row0>
							<row1>-0.06936557721473306 -1.548057538264605e-06 0.9975913074477295</row1>
							<row2>0.995002602750421 -0.07199438840596123 0.06918546493259753</row2>
							<row3>-1.0215901136398315 -0.4833313226699829 -0.17648276686668396</row3>
						</transform>
						<node>
							<identifier>Bone_49</identifier>
							<transform>
								<row0>0.9999999999999485 1.192092753399204e-07 -2.980232238769399e-07</row0>
								<row1>-1.192093929207611e-07 0.9999999999999151 -3.945358457712673e-07</row1>
								<row2>2.980231768445823e-07 3.9453588129841455e-07 0.9999999999998778</row2>
								<row3>-0.29576340317726135 -5.531310875994677e-07 1.5258788721439487e-07</row3>
							</transform>
						</node>
					</node>
					<node>
						<identifier>Bone_41</identifier>
						<transform>
							<row0>0.2038797384072727 -0.978893313672226 0.014175073713778921</row0>
							<row1>0.06936568176357491 1.355445100935035e-06 -0.9975913001784034</row1>
							<row2>0.9765354343086874 0.20437191696994914 0.06790187842447154</row2>
							<row3>-0.977836012840271 0.43319618701934814 -0.12486175447702408</row3>
						</transform>
						<node>
							<identifier>Bone_48</identifier>
							<transform>
								<row0>0.9999999999998792 -1.1920926112905742e-07 -4.7683715820307084e-07</row0>
								<row1>1.1920932313331827e-07 0.9999999999999845 1.3003233334528207e-07</row1>
								<row2>4.7683714270200506e-07 -1.3003239018870123e-07 0.9999999999998779</row2>
								<row3>-0.26217201352119446 3.4332276754867053e-07 1.5258788721439487e-07</row3>
							</transform>
						</node>
					</node>
				</node>
				<node>
					<identifier>Bone_20</identifier>
					<transform>
						<row0>-0.40593052213688385 0.5947606608005217 0.6938877197081699</row0>
						<row1>-0.9139039398085218 -0.2641763295321582 -0.3082052168886477</row1>
						<row2>3.7244108314071767e-07 -0.759256625442968 0.6507913465319112</row2>
						<row3>-0.8182711601257324 -0.6507687568664551 -0.50496506690979</row3>
					</transform>
					<node>
						<identifier>Bone_21</identifier>
						<transform>
							<row0>0.9999999999999927 1.192093179724898e-07 2.154424372236007e-08</row0>
							<row1>-1.1920931836034643e-07 0.9999999999999928 1.8002795698635048e-08</row1>
							<row2>-2.1544241576258916e-08 -1.8002798266909522e-08 0.9999999999999997</row2>
							<row3>-0.7799658179283142 3.0517577442878974e-07 1.1444091541079615e-07</row3>
						</transform>
						<node>
							<identifier>Bone_57</identifier>
							<transform>
								<row0>0.9999999999998619 4.4703489265878677e-07 -2.7647919864647376e-07</row0>
								<row1>-4.470349431854368e-07 0.9999999999998834 -1.827502416062898e-07</row1>
								<row2>2.764791169507069e-07 1.827503652021274e-07 0.9999999999999452</row2>
								<row3>-0.7799657583236694 -1.220703097715159e-06 2.0980834847250662e-07</row3>
							</transform>
						</node>
					</node>
				</node>
				<node>
					<identifier>Bone_22</identifier>
					<transform>
						<row0>-0.4059298455742612 -0.002775665454141805 0.9139000252507619</row0>
						<row1>-0.9139042403184422 0.0012330521926313875 -0.4059279728107702</row1>
						<row2>-1.6617898066385167e-07 -0.9999953876211515 -0.003037225114385473</row2>
						<row3>-0.8182708621025085 -0.029125060886144638 -0.7820919156074524</row3>
					</transform>
					<node>
						<identifier>Bone_23</identifier>
						<transform>
							<row0>0.9999999999999463 3.2782557468634024e-07 2.0083493201816793e-10</row0>
							<row1>-3.2782557468631255e-07 0.9999999999999463 -1.377601088758951e-10</row1>
							<row2>-2.00834977179444e-10 1.377600430370607e-10 1.0</row2>
							<row3>-0.8316206932067871 -3.0517577442878974e-07 1.1920929132713809e-08</row3>
						</transform>
						<node>
							<identifier>Bone_56</identifier>
							<transform>
								<row0>0.999999999999984 1.7881394853702373e-07 1.172836161522639e-09</row0>
								<row1>-1.7881394853756078e-07 0.999999999999984 4.5790193858863404e-10</row1>
								<row2>-1.1728360796433666e-09 -4.579021483080917e-10 1.0</row2>
								<row3>-0.8316208720207214 6.103515488575795e-07 9.536743306171047e-08</row3>
							</transform>
						</node>
					</node>
				</node>
				<node>
					<identifier>Bone_24</identifier>
					<transform>
						<row0>-0.4059307641613601 -0.5987954833685666 0.6904087077990682</row0>
						<row1>-0.9139038323080686 0.26596836117542366 -0.30666042481266664</row1>
						<row2>4.751150639581425e-09 -0.7554500644986829 -0.6552062271139797</row2>
						<row3>-0.8182708621025085 0.6261349320411682 -0.560396134853363</row3>
					</transform>
					<node>
						<identifier>Bone_25</identifier>
						<transform>
							<row0>0.9999999999999999 -5.551115123125782e-17 1.8146515401440407e-08</row0>
							<row1>-1.0327100465300956e-17 1.0 3.6281484483424716e-09</row1>
							<row2>-1.8146515401440407e-08 -3.628148448342471e-09 0.9999999999999999</row2>
							<row3>-0.7413480281829834 9.155273232863692e-07 2.8610228852699038e-08</row3>
						</transform>
						<node>
							<identifier>Bone_55</identifier>
							<transform>
								<row0>0.9999999999999774 2.0861625671386248e-07 4.190000524317836e-08</row0>
								<row1>-2.0861625681142114e-07 0.9999999999999782 2.3283641681359747e-09</row1>
								<row2>-4.190000475744283e-08 -2.328372909158176e-09 0.9999999999999991</row2>
								<row3>-0.7413488626480103 -1.8310546465727384e-06 2.1934509675247682e-07</row3>
							</transform>
						</node>
					</node>
				</node>
				<node>
					<identifier>Bone_26</identifier>
					<transform>
						<row0>-0.40593086882357066 -0.91028926983298 -0.08120083104920267</row0>
						<row1>-0.9139037313470549 0.404325403125138 0.03606686856851646</row1>
						<row2>2.752936845984433e-07 0.08885040307400822 -0.9960449818524816</row2>
						<row3>-0.8182708621025085 0.8798190355300903 0.01914096623659134</row3>
					</transform>
					<node>
						<identifier>Bone_27</identifier>
						<transform>
							<row0>0.9999999999998863 4.7683704451623307e-07 7.053641226661966e-09</row0>
							<row1>-4.7683704424248695e-07 0.9999999999998855 -3.880913723719457e-08</row1>
							<row2>-7.053659732295459e-09 3.880913387375272e-08 0.9999999999999992</row2>
							<row3>-0.7949628233909607 -3.0517577442878974e-07 -4.2915345943583816e-08</row3>
						</transform>
						<node>
							<identifier>Bone_54</identifier>
							<transform>
								<row0>0.9999999999999921 -2.9802322387695078e-08 1.2242017533026133e-07</row0>
								<row1>2.9802296015531384e-08 0.9999999999999764 2.1542334138757065e-07</row1>
								<row2>-1.2242018175037431e-07 -2.1542333773916662e-07 0.9999999999999694</row2>
								<row3>-0.7949637770652771 -1.5258789289873675e-06 1.9550323315797868e-07</row3>
							</transform>
						</node>
					</node>
				</node>
				<node>
					<identifier>Bone_28</identifier>
					<transform>
						<row0>-0.4059311445134648 -0.5988600843624264 -0.690352450036513</row0>
						<row1>-0.9139036633660751 0.26599716135451346 0.30663594739920597</row1>
						<row2>-2.3728419495938624e-07 0.7553887141788448 -0.6552769570885086</row2>
						<row3>-0.8182708621025085 0.536611020565033 0.6117762923240662</row3>
					</transform>
					<node>
						<identifier>Bone_29</identifier>
						<transform>
							<row0>0.9999999999999978 5.9604630564535784e-08 -2.847657043503204e-08</row0>
							<row1>-5.960463218200019e-08 0.9999999999999966 -5.679983416939637e-08</row1>
							<row2>2.8476567049498814e-08 5.679983586673176e-08 0.9999999999999979</row2>
							<row3>-0.8083055019378662 6.103515488575795e-07 -1.8775463672682235e-07</row3>
						</transform>
						<node>
							<identifier>Bone_53</identifier>
							<transform>
								<row0>0.9999999999998018 -2.384186075232246e-07 -5.826232154503407e-07</row0>
								<row1>2.3841898940590737e-07 0.9999999999997568 6.554539595524355e-07</row1>
								<row2>5.826230591777787e-07 -6.554540984607438e-07 0.9999999999996154</row2>
								<row3>-0.8083053827285767 -6.103515488575795e-07 6.034970283508301e-07</row3>
							</transform>
						</node>
					</node>
				</node>
				<node>
					<identifier>Bone_30</identifier>
					<transform>
						<row0>-0.4059308177826605 -0.0037017974596636185 -0.9138963113339873</row0>
						<row1>-0.91390380849097 0.0016441994070788626 0.40592748790148514</row1>
						<row2>-3.3570292449584584e-08 0.9999917370141351 -0.004050517765132379</row2>
						<row3>-0.8182705640792847 -0.03425689786672592 0.9529422521591187</row3>
					</transform>
					<node>
						<identifier>Bone_31</identifier>
						<transform>
							<row0>0.9999999999999996 2.98023223876953e-08 3.9270808827041037e-10</row0>
							<row1>-2.9802322387711426e-08 0.9999999999999996 4.1072908962824783e-11</row1>
							<row2>-3.9270808704634214e-10 -4.1072920666437815e-11 1.0</row2>
							<row3>-0.7224330902099609 3.0517577442878974e-07 0.0</row3>
						</transform>
						<node>
							<identifier>Bone_60</identifier>
							<transform>
								<row0>0.9999999999999631 -2.086162567138595e-07 -1.7376461869389197e-07</row0>
								<row1>2.086162567950817e-07 0.9999999999999782 4.674085007927361e-10</row1>
								<row2>1.7376461859637918e-07 -4.674447509170342e-10 0.9999999999999849</row2>
								<row3>-0.722432017326355 3.0517577442878974e-07 9.059905892172537e-08</row3>
							</transform>
						</node>
					</node>
				</node>
				<node>
					<identifier>Bone_32</identifier>
					<transform>
						<row0>-0.40593137744911584 0.5939059766907303 -0.6946188938211321</row0>
						<row1>-0.9139035054294885 -0.263796959410102 0.3085310807040222</row1>
						<row2>1.0068615169389616e-07 0.7600571338796698 0.6498562558278651</row2>
						<row3>-0.8182708621025085 -0.6106420755386353 0.6164623498916626</row3>
					</transform>
					<node>
						<identifier>Bone_33</identifier>
						<transform>
							<row0>0.999999999999886 -4.768371582030707e-07 2.387834996397941e-08</row0>
							<row1>4.768371591042947e-07 0.9999999999998856 -3.774231416286962e-08</row1>
							<row2>-2.387833196703885e-08 3.7742325548949886e-08 0.999999999999999</row2>
							<row3>-0.8024539351463318 -3.0517577442878974e-07 -1.23977656585339e-07</row3>
						</transform>
						<node>
							<identifier>Bone_59</identifier>
							<transform>
								<row0>0.9999999999999658 1.4901161193847145e-07 -2.1510700776161184e-07</row0>
								<row1>-1.4901161861725626e-07 0.9999999999999885 -3.10486463206409e-08</row1>
								<row2>2.1510700313500051e-07 3.104867837408324e-08 0.9999999999999765</row2>
								<row3>-0.8024532198905945 -5.684341759025859e-16 -3.52859501617786e-07</row3>
							</transform>
						</node>
					</node>
				</node>
				<node>
					<identifier>Bone_18</identifier>
					<transform>
						<row0>-0.40593117234484755 0.9099793976158757 -0.08460129569566636</row0>
						<row1>-0.9139036510041563 -0.4041881149839405 0.03757771130606804</row1>
						<row2>1.0486564246966297e-07 0.09257139190277489 0.9957059898342914</row2>
						<row3>-0.8182708621025085 -0.917015790939331 0.018085366114974022</row3>
					</transform>
					<node>
						<identifier>Bone_19</identifier>
						<transform>
							<row0>0.9999999999999929 1.1920928955078042e-07 -3.797783421077838e-09</row0>
							<row1>-1.192092897245331e-07 0.9999999999999919 -4.5751107791147614e-08</row1>
							<row2>3.797777967120751e-09 4.5751108243878353e-08 0.999999999999999</row2>
							<row3>-0.814546525478363 9.155273232863692e-07 1.907348590179936e-08</row3>
						</transform>
						<node>
							<identifier>Bone_58</identifier>
							<transform>
								<row0>0.9999999999999837 8.940696716308448e-08 -1.570145968798878e-07</row0>
								<row1>-8.940701559848852e-08 0.9999999999999484 -3.0847709808765984e-07</row1>
								<row2>1.5701456929987789e-07 3.0847711212586134e-07 0.99999999999994</row2>
								<row3>-0.8145466446876526 0.0 -2.2411346378703456e-07</row3>
							</transform>
						</node>
					</node>
				</node>
				<node>
					<identifier>Bone_34</identifier>
					<transform>
						<row0>1.0 1.9511349890535246e-22 5.895593346849637e-09</row0>
						<row1>1.9210278497512007e-15 0.9999999999999469 -3.2584134146416633e-07</row1>
						<row2>-5.895593346849324e-09 3.2584134146416633e-07 0.9999999999999469</row2>
						<row3>-1.034482479095459 -0.028518065810203552 0.015615539625287056</row3>
					</transform>
					<node>
						<identifier>Bone_62</identifier>
						<transform>
							<row0>0.9999999999997802 3.576278402305557e-07 5.583642632699633e-07</row0>
							<row1>-3.5762778032664793e-07 0.9999999999999303 -1.0728473398556244e-07</row1>
							<row2>-5.583643016379321e-07 1.0728453429896678e-07 0.9999999999998384</row2>
							<row3>-0.18259765207767487 2.8610228852699038e-08 -4.1246414639317663e-07</row3>
						</transform>
					</node>
				</node>
				<node>
					<identifier>Bone_35</identifier>
					<transform>
						<row0>0.9999999999999418 6.307652028532107e-22 3.409831208500492e-07</row0>
						<row1>3.4098312085002177e-07 -4.013392639832659e-07 -0.9999999999998613</row1>
						<row2>1.3684991412191056e-13 0.9999999999999195 -4.0133926398324256e-07</row2>
						<row3>-0.9726058840751648 -0.025545349344611168 2.7399988766774186e-07</row3>
					</transform>
					<node>
						<identifier>Bone_61</identifier>
						<transform>
							<row0>0.9999999999999619 -1.1920928955077672e-07 2.4904431938920556e-07</row0>
							<row1>1.19209290044952e-07 0.9999999999999929 -1.9842716358908158e-09</row1>
							<row2>-2.4904431915266023e-07 1.9843013242872444e-09 0.999999999999969</row2>
							<row3>-0.43548157811164856 1.6842358263602364e-07 -1.0967254837623841e-07</row3>
						</transform>
					</node>
				</node>
				<node>
					<identifier>Bone_37</identifier>
					<transform>
						<row0>-0.8294368151256122 8.573487330616624e-15 0.5586004390483372</row0>
						<row1>-7.463406415955414e-13 1.0 -1.123550660224453e-12</row1>
						<row2>-0.5586004390483372 -1.348820491323736e-12 -0.8294368151256122</row2>
						<row3>0.05304046720266342 -0.028602905571460724 -1.2082287073135376</row3>
					</transform>
					<node>
						<identifier>Bone_51</identifier>
						<transform>
							<row0>0.9999999999996763 3.506635086468732e-15 8.04662704467513e-07</row0>
							<row1>2.523415811378174e-14 0.9999999999999993 -3.571781448384833e-08</row1>
							<row2>-8.046627044675126e-07 3.571781448385707e-08 0.9999999999996756</row2>
							<row3>-0.21956267952919006 4.76837147544984e-09 -3.0517577442878974e-07</row3>
						</transform>
					</node>
				</node>
				<node>
					<identifier>Bone_38</identifier>
					<transform>
						<row0>-0.8518393225659324 3.5762787661694574e-07 -0.5238031772815868</row0>
						<row1>2.4219419011030114e-08 -0.9999999999997389 -7.221394342493723e-07</row1>
						<row2>-0.5238031772817082 -6.278329750990226e-07 0.8518393225657014</row2>
						<row3>-0.17669188976287842 -0.02972870133817196 1.3325237035751343</row3>
					</transform>
					<node>
						<identifier>Bone_52</identifier>
						<transform>
							<row0>0.9999999999999711 1.1920921849650426e-07 2.0861631355728155e-07</row0>
							<row1>-1.1920931797271686e-07 0.9999999999998792 4.768381813845999e-07</row1>
							<row2>-2.086162567137494e-07 -4.768382062535946e-07 0.9999999999998646</row2>
							<row3>-0.4682956039905548 -3.1232832498062635e-07 0.0</row3>
						</transform>
					</node>
				</node>
			</node>
		</node>
	</node>
	<anim>
		<name>ability1</name>
		<res>/ability1.anim</res>
		<durationMS>2666</durationMS>
		<_ModifyTime>1723175800</_ModifyTime>
		<motion>
			<trans />
		</motion>
	</anim>
	<anim>
		<name>attack1</name>
		<res>/attack1.anim</res>
		<durationMS>4000</durationMS>
		<_ModifyTime>1723175803</_ModifyTime>
		<motion>
			<trans />
		</motion>
	</anim>
	<anim>
		<name>die</name>
		<res>/die.anim</res>
		<durationMS>6300</durationMS>
		<_ModifyTime>1723175806</_ModifyTime>
		<motion>
			<trans />
		</motion>
	</anim>
	<anim>
		<name>idle1</name>
		<res>/idle1.anim</res>
		<durationMS>4666</durationMS>
		<_ModifyTime>1723175808</_ModifyTime>
		<motion>
			<trans />
		</motion>
	</anim>
	<anim>
		<name>walk</name>
		<res>/walk.anim</res>
		<durationMS>2166</durationMS>
		<_ModifyTime>1723175809</_ModifyTime>
		<motion>
			<trans />
		</motion>
	</anim>
</Root>