<Root>
	<matrixlayout>column major</matrixlayout>
	<system />
	<node>
		<identifier>Scene Root</identifier>
		<transform>
			<row0>1.0 0.0 0.0</row0>
			<row1>0.0 1.0 0.0</row1>
			<row2>0.0 0.0 1.0</row2>
			<row3>0.0 0.0 0.0</row3>
		</transform>
		<node>
			<identifier>Root</identifier>
			<transform>
				<row0>-0.9999999999998863 1.224646799147214e-16 -4.7683715820307084e-07</row0>
				<row1>-4.768371582030063e-07 -5.20548553656499e-07 0.9999999999997509</row1>
				<row2>-2.480944283523691e-13 0.9999999999998646 5.205485536564399e-07</row2>
				<row3>-1.4384585619606834e-15 0.0 1.6454048790137676e-08</row3>
			</transform>
			<node>
				<identifier>Bip001</identifier>
				<transform>
					<row0>1.4239596432246468e-06 -0.3255686327272942 0.9455184109164944</row0>
					<row1>3.327113833434165e-07 0.945518410917555 0.32556863272715825</row1>
					<row2>-0.9999999999989307 -1.4901185563060342e-07 1.4547004492404194e-06</row2>
					<row3>5.763619270737763e-08 -0.25635504722595215 0.9985944628715515</row3>
				</transform>
				<node>
					<identifier>Bip001 Pelvis</identifier>
					<transform>
						<row0>2.980232244892765e-08 -0.9999999999999996 -0.0</row0>
						<row1>1.6252187152227073e-06 4.843529220109906e-14 0.9999999999986793</row1>
						<row2>-0.9999999999986788 -2.980232244888829e-08 1.625218715222708e-06</row2>
						<row3>1.4210854397564648e-16 -3.552713599391162e-17 1.629727108820589e-08</row3>
					</transform>
					<node>
						<identifier>Bip001 Spine</identifier>
						<transform>
							<row0>0.20014855063221623 -1.6689299020157382e-06 0.9797655017746603</row0>
							<row1>-1.3118569832896315e-06 0.9999999999971964 1.971386186138101e-06</row1>
							<row2>-0.9797655017752034 -1.6798823033812712e-06 0.2001485506294657</row2>
							<row3>-0.048220518976449966 3.881391705817805e-07 -0.13204985857009888</row3>
						</transform>
						<node>
							<identifier>Bip001 Spine1</identifier>
							<transform>
								<row0>-0.03489899225718671 -2.74181340317169e-06 -0.9993908446308257</row0>
								<row1>2.7741197858214504e-06 0.9999999999921183 -2.8403576071627493e-06</row1>
								<row2>0.9993908446307366 -2.8715555339992076e-06 -0.034898992249305524</row2>
								<row3>-0.23561103641986847 3.0122463551274237e-11 1.1014938536391128e-05</row3>
							</transform>
							<node>
								<identifier>Bip001 Neck</identifier>
								<transform>
									<row0>0.9455186008341492 -9.536741337447666e-07 -0.32556808116847613</row0>
									<row1>9.509536517075349e-07 0.9999999999995338 -1.6749113527339464e-07</row1>
									<row2>0.32556808116848407 -1.512341717907542e-07 0.9455186008346154</row2>
									<row3>-0.4127916693687439 5.99621102992387e-07 0.16916893422603607</row3>
								</transform>
								<node>
									<identifier>Bip001 Neck1</identifier>
									<transform>
										<row0>0.9914448405211683 -3.576278454231347e-07 -0.1305263506110058</row0>
										<row1>3.5767618895314796e-07 0.9999999999999358 -2.307299096420746e-08</row1>
										<row2>0.13052635061100565 -2.3810569797651925e-08 0.9914448405212326</row2>
										<row3>-0.10520321875810623 -2.1158484686534251e-10 -7.614135392941535e-05</row3>
									</transform>
									<node>
										<identifier>Bip001 Head</identifier>
										<transform>
											<row0>0.7655317665159483 1.7881392645763212e-06 0.6433980068686008</row0>
											<row1>-1.7875354462630023e-06 0.9999999999981896 -6.523552951745666e-07</row1>
											<row2>-0.6433980068686025 -6.506980418215714e-07 0.7655317665177589</row2>
											<row3>-0.12000454217195511 3.37779049175424e-08 0.027614135295152664</row3>
										</transform>
										<node>
											<identifier>Bone030</identifier>
											<transform>
												<row0>0.06989080998835755 0.6431711127363521 0.762526192612853</row0>
												<row1>-0.9755799867523057 -0.11548952840612588 0.18683109558342137</row1>
												<row2>0.20822815402231798 -0.7569630694888708 0.6193932089573186</row2>
												<row3>-0.055155716836452484 -0.08043085038661957 -0.001505889929831028</row3>
											</transform>
											<node>
												<identifier>Bone032</identifier>
												<transform>
													<row0>0.8787458973702716 0.4771588357095228 -0.011184514260741048</row0>
													<row1>-0.4771201902350737 0.8788170716959977 0.006072772490291405</row1>
													<row2>0.012726818363385307 -6.633973100384643e-08 0.9999189511580702</row2>
													<row3>-0.2942751348018646 0.0 1.0528564416745212e-05</row3>
												</transform>
											</node>
										</node>
										<node>
											<identifier>Bone031</identifier>
											<transform>
												<row0>0.06989024649521433 -0.6431687538665394 0.7625282338999658</row0>
												<row1>-0.9755797209629855 0.11549157447640443 0.18683121867274838</row1>
												<row2>-0.20822958841293754 -0.7569647615805666 -0.6193906588209533</row2>
												<row3>-0.05515579134225845 0.08057863265275955 -0.0015060424339026213</row3>
											</transform>
											<node>
												<identifier>Bone033</identifier>
												<transform>
													<row0>0.8787459740263337 0.47715869595682653 0.011184453732347579</row0>
													<row1>-0.47712005188747075 0.8788171475755242 -0.006072661205471814</row1>
													<row2>-0.012726712069471468 -5.59176400125809e-10 0.9999189525109596</row2>
													<row3>-0.29427459836006165 7.629394360719743e-08 -1.0757446034403984e-05</row3>
												</transform>
											</node>
										</node>
										<node>
											<identifier>Bone035</identifier>
											<transform>
												<row0>-0.29609730649488025 0.41575899453068516 -0.8599249057640502</row0>
												<row1>-0.9455179679585963 8.622895357746074e-07 0.3255699191674551</row1>
												<row2>0.13535936374674534 0.9094748256362517 0.3931073443475537</row2>
												<row3>-0.02620590291917324 0.04464231804013252 0.17036239802837372</row3>
											</transform>
										</node>
										<node>
											<identifier>Bone034</identifier>
											<transform>
												<row0>-0.29609725017515925 -0.41576079299643887 -0.8599239863129737</row0>
												<row1>-0.9455180364364725 5.683896240724769e-07 0.3255695372170256</row1>
												<row2>-0.13535857633296222 0.9094739921517726 -0.39310954378217633</row2>
												<row3>-0.026205826550722122 -0.04449401795864105 0.1703626960515976</row3>
											</transform>
										</node>
										<node>
											<identifier>HP_eff01</identifier>
											<transform>
												<row0>4.371136658759897e-08 -0.999999999999999 -0.0</row0>
												<row1>-0.30585051011262276 -1.3369143768537014e-08 -0.9520795478655385</row1>
												<row2>0.9520795478655375 4.161669813730603e-08 -0.3058505101126231</row2>
												<row3>-0.047075651586055756 7.46323564726481e-07 -0.02361205965280533</row3>
											</transform>
										</node>
									</node>
								</node>
							</node>
							<node>
								<identifier>Bip001 L Clavicle</identifier>
								<transform>
									<row0>4.3711352820833464e-08 -0.999999999999999 -0.0</row0>
									<row1>-0.9999996841539825 -4.37113390147768e-08 -0.0007947904963883488</row1>
									<row2>0.000794790496388348 3.474136780627648e-11 -0.9999996841539835</row2>
									<row3>-0.22024381160736084 0.061346057802438736 0.09847503900527954</row3>
								</transform>
								<node>
									<identifier>Bip001 L UpperArm</identifier>
									<transform>
										<row0>0.3962454000467442 -0.6593922540878949 0.6388986133892299</row0>
										<row1>-0.768762800843117 -0.6187306380142676 -0.1617900936801053</row1>
										<row2>0.5019893111704601 -0.42705293254435295 -0.7520854501157932</row2>
										<row3>-0.16712990403175354 -5.054473604104714e-07 7.629394644936838e-07</row3>
									</transform>
									<node>
										<identifier>Bip001 L Forearm</identifier>
										<transform>
											<row0>0.21713512746965793 -2.9802321853859934e-08 0.9761415555229347</row0>
											<row1>-8.074501941055233e-09 0.9999999999999994 3.232684817437171e-08</row1>
											<row2>-0.976141555522935 -1.4901151183849084e-08 0.21713512746965757</row2>
											<row3>-0.7220760583877563 -1.907348590179936e-08 1.5258788721439487e-07</row3>
										</transform>
										<node>
											<identifier>Bip001 L Hand</identifier>
											<transform>
												<row0>-0.8442408943231287 0.006093949942037037 -0.5359292641072961</row0>
												<row1>0.5350451970105459 0.06810409859412729 -0.8420738386277902</row1>
												<row2>0.031367425491788906 -0.9976596087723872 -0.06075680737287408</row2>
												<row3>-1.250769019126892 -7.629394360719743e-08 -7.629394360719743e-08</row3>
											</transform>
											<node>
												<identifier>Bip001 L Finger0</identifier>
												<transform>
													<row0>0.9999999999940437 -3.2335519790456824e-06 -1.206994056700781e-06</row0>
													<row1>3.2345104493191466e-06 0.9999996840272082 0.0007949434078137704</row1>
													<row2>1.2044231844939336e-06 -0.0007949434117130704 0.9999996840317108</row2>
													<row3>-1.7073901891708374 1.983642505365424e-06 3.070831326112966e-06</row3>
												</transform>
											</node>
										</node>
										<node>
											<identifier>HP_eff010</identifier>
											<transform>
												<row0>0.5760511012974533 -0.7687628073121957 -0.2777928630967021</row0>
												<row1>-0.6463516190326442 -0.22034765610497137 -0.7305316523073623</row1>
												<row2>0.5003945277663373 0.6003753938774071 -0.6238225579431754</row2>
												<row3>-0.7357937693595886 0.01109390240162611 0.10637886077165604</row3>
											</transform>
										</node>
									</node>
								</node>
							</node>
							<node>
								<identifier>Bip001 R Clavicle</identifier>
								<transform>
									<row0>4.3711406111538646e-08 0.999999999999999 -0.0</row0>
									<row1>0.9999996843552402 -4.3711392314262405e-08 0.0007945372350196133</row1>
									<row2>0.0007945372350196125 -3.473033975068134e-11 -0.9999996843552412</row2>
									<row3>-0.22024399042129517 -0.061344780027866364 0.09847564995288849</row3>
								</transform>
								<node>
									<identifier>Bip001 R UpperArm</identifier>
									<transform>
										<row0>0.3941993459632072 0.6541401221315291 0.6455289120248047</row0>
										<row1>0.7659341017450685 -0.6220200471202567 0.1625915519468608</row1>
										<row2>0.5078895819232314 0.43033912394559476 -0.7462281226110307</row2>
										<row3>-0.16713069379329681 1.1348724910931196e-06 -6.103515488575795e-07</row3>
									</transform>
									<node>
										<identifier>Bip001 R Forearm</identifier>
										<transform>
											<row0>0.20265050276822744 7.450579192166838e-08 0.9792511290408498</row0>
											<row1>-1.318344713656538e-07 0.9999999999999901 -4.880205761319155e-08</row1>
											<row2>-0.9792511290408437 -1.1920929341988275e-07 0.20265050276823526</row2>
											<row3>-0.7220760583877563 -3.814697180359872e-08 1.5258788721439487e-07</row3>
										</transform>
										<node>
											<identifier>Bip001 R Hand</identifier>
											<transform>
												<row0>-0.8442408847813362 -0.006093918744698908 -0.5359291682756908</row0>
												<row1>-0.5350451571270273 0.06810429914776508 0.8420739185323972</row1>
												<row2>0.03136755223134575 0.9976595955472477 -0.06075695910359573</row2>
												<row3>-1.250768780708313 5.7220457705398076e-08 3.4332276754867053e-07</row3>
											</transform>
											<node>
												<identifier>Bip001 R Finger0</identifier>
												<transform>
													<row0>0.9999999999893777 2.0861619986823236e-07 4.6044578993554154e-06</row0>
													<row1>-2.0496351840498928e-07 0.9999996853548211 -0.0007932781459137828</row1>
													<row2>-4.604621941257175e-06 0.0007932781449616105 0.9999996853442416</row2>
													<row3>-1.7073853015899658 5.340576194612368e-07 5.269050689094001e-07</row3>
												</transform>
											</node>
										</node>
										<node>
											<identifier>HP_eff011</identifier>
											<transform>
												<row0>-0.5772376180559475 -0.7659332521864529 0.2830951541211783</row0>
												<row1>-0.650261279618025 0.22146293614106397 -0.7267148244981024</row1>
												<row2>0.4939199943408815 -0.6035729874474834 -0.6258935117206629</row2>
												<row3>-0.7409863471984863 -0.006025218870490789 0.11000774055719376</row3>
											</transform>
										</node>
									</node>
								</node>
							</node>
							<node>
								<identifier>HP_eff003</identifier>
								<transform>
									<row0>4.3711352820833464e-08 -0.999999999999999 -0.0</row0>
									<row1>-0.09957324519441192 -4.352481252208304e-09 -0.9950301752369963</row1>
									<row2>0.9950301752369953 4.349411505716009e-08 -0.09957324519441202</row2>
									<row3>-0.21038015186786652 0.19152070581912994 -0.024680938571691513</row3>
								</transform>
							</node>
							<node>
								<identifier>HP_eff002</identifier>
								<transform>
									<row0>4.3711352820833464e-08 -0.999999999999999 -0.0</row0>
									<row1>-0.09957324519441192 -4.352481252208304e-09 -0.9950301752369963</row1>
									<row2>0.9950301752369953 4.349411505716009e-08 -0.09957324519441202</row2>
									<row3>-0.21038077771663666 -0.19157633185386658 -0.02468063309788704</row3>
								</transform>
							</node>
						</node>
						<node>
							<identifier>Bip001 L Thigh</identifier>
							<transform>
								<row0>-0.9752451718400102 -7.152560170802164e-07 -0.22112633222263994</row0>
								<row1>-2.320897869671027e-07 -0.9999999999909069 4.258201417182238e-06</row1>
								<row2>-0.22112633222367495 4.204111536167637e-06 0.9752451718309761</row2>
								<row3>0.13902884721755981 0.12856154143810272 -0.020815830677747726</row3>
							</transform>
							<node>
								<identifier>Bip001 L Calf</identifier>
								<transform>
									<row0>0.9800665655916577 2.2737369460320513e-13 0.19866909120466353</row0>
									<row1>-3.131856342850077e-13 1.0 4.005105872315959e-13</row1>
									<row2>-0.19866909120466353 -4.5474734105292686e-13 0.9800665655916577</row2>
									<row3>-0.008667602203786373 9.53674295089968e-09 3.552713599391162e-17</row3>
								</transform>
								<node>
									<identifier>Bip001 L Foot</identifier>
									<transform>
										<row0>0.9825170003905968 -5.684340509870358e-14 -0.18617288724050032</row0>
										<row1>-1.627515953474949e-08 0.9999999999999962 -8.58915495558096e-08</row1>
										<row2>0.18617288724049963 8.741990106935843e-08 0.9825170003905931</row2>
										<row3>-0.008668213151395321 9.53674295089968e-09 -1.907348590179936e-08</row3>
									</transform>
									<node>
										<identifier>Bip001 L Toe0</identifier>
										<transform>
											<row0>2.0861623235019147e-07 0.0 -0.9999999999999782</row0>
											<row1>4.3711278152612907e-08 0.999999999999999 9.118882159409542e-15</row1>
											<row2>0.9999999999999772 -4.371127815261386e-08 2.0861623235019125e-07</row2>
											<row3>-0.001993637066334486 -3.814697180359872e-08 0.007375678978860378</row3>
										</transform>
									</node>
								</node>
							</node>
						</node>
						<node>
							<identifier>Bip001 R Thigh</identifier>
							<transform>
								<row0>-0.9752451718400102 -7.152560170802164e-07 -0.22112633222263994</row0>
								<row1>-2.320897869671027e-07 -0.9999999999909069 4.258201417182238e-06</row1>
								<row2>-0.22112633222367495 4.204111536167637e-06 0.9752451718309761</row2>
								<row3>0.13902893662452698 -0.12856198847293854 -0.020814809948205948</row3>
							</transform>
							<node>
								<identifier>Bip001 R Calf</identifier>
								<transform>
									<row0>0.9800665655916577 2.2737369460320513e-13 0.19866909120466353</row0>
									<row1>-3.131856342850077e-13 1.0 4.005105872315959e-13</row1>
									<row2>-0.19866909120466353 -4.5474734105292686e-13 0.9800665655916577</row2>
									<row3>-0.008668060414493084 9.53674295089968e-09 -9.536743306171047e-08</row3>
								</transform>
								<node>
									<identifier>Bip001 R Foot</identifier>
									<transform>
										<row0>0.9825170003905968 -5.684340509870358e-14 -0.18617288724050032</row0>
										<row1>-1.627515953474949e-08 0.9999999999999962 -8.58915495558096e-08</row1>
										<row2>0.18617288724049963 8.741990106935843e-08 0.9825170003905931</row2>
										<row3>-0.008667984046041965 9.53674295089968e-09 1.907348590179936e-08</row3>
									</transform>
									<node>
										<identifier>Bip001 R Toe0</identifier>
										<transform>
											<row0>2.0861623235019147e-07 0.0 -0.9999999999999782</row0>
											<row1>-4.3711391839450615e-08 0.999999999999999 -9.118905876329291e-15</row1>
											<row2>0.9999999999999772 4.371139183945157e-08 2.0861623235019125e-07</row2>
											<row3>-0.001993637066334486 -3.814697180359872e-08 0.007375659886747599</row3>
										</transform>
									</node>
								</node>
							</node>
						</node>
					</node>
					<node>
						<identifier>Bone022</identifier>
						<transform>
							<row0>-0.7503991210877903 0.4159442232841037 -0.5137037689050524</row0>
							<row1>-0.6154715501239317 -0.7230973538255411 0.3135681550772413</row1>
							<row2>-0.2410309732352182 0.5514713229235804 0.798613454641355</row2>
							<row3>0.11793273687362671 -0.11081532388925552 0.13602493703365326</row3>
						</transform>
						<node>
							<identifier>Bone024</identifier>
							<transform>
								<row0>0.3330142718171843 0.0012395606319218575 0.9429209713732696</row0>
								<row1>-0.0004001461307117692 0.9999992316544968 -0.0011732746865947355</row1>
								<row2>-0.9429217012292932 1.3411037135884277e-05 0.33301451195255666</row2>
								<row3>-0.3690245449542999 0.0 0.0</row3>
							</transform>
							<node>
								<identifier>Bone026</identifier>
								<transform>
									<row0>-0.13125305570515197 -0.19018298053255336 -0.972935223986946</row0>
									<row1>-0.03814102683355102 0.9816677677737496 -0.18674457576299255</row1>
									<row2>0.9906149076271072 0.012597953781931126 -0.1361006845958024</row2>
									<row3>-0.30984246730804443 1.907348590179936e-08 3.2424927098873013e-07</row3>
								</transform>
								<node>
									<identifier>Bone028</identifier>
									<transform>
										<row0>0.9982873754085845 -0.0002503320854933032 0.05850002934774358</row0>
										<row1>-2.289970099722294e-05 0.9999890956513485 0.00466990942119349</row1>
										<row2>-0.05850056047119191 -0.004663251252659463 0.9982764840024587</row2>
										<row3>-0.6973890662193298 -6.250381557038054e-05 0.00013778686115983874</row3>
									</transform>
								</node>
								<node>
									<identifier>HP_eff017</identifier>
									<transform>
										<row0>-0.25432570979069996 0.6967084787522287 -0.670757578394916</row0>
										<row1>0.9589713217819551 0.09183560257880377 -0.2682167520845001</row1>
										<row2>-0.1252694589244594 -0.7114516974002826 -0.6914796055756307</row2>
										<row3>-0.3272190988063812 0.03683721646666527 -0.06546439975500107</row3>
									</transform>
								</node>
							</node>
						</node>
					</node>
					<node>
						<identifier>Bone014</identifier>
						<transform>
							<row0>-0.32432052472760764 0.693135380310344 -0.6437231872493362</row0>
							<row1>-0.9285447154150307 -0.1033404395681803 0.35654641467190334</row1>
							<row2>0.18061230836665543 0.7133611265262667 0.6771226604003471</row2>
							<row3>0.01459072157740593 -0.09659571945667267 0.11731376498937607</row3>
						</transform>
						<node>
							<identifier>Bone016</identifier>
							<transform>
								<row0>0.6604964047452835 1.071020946274835e-08 0.7508292078219617</row0>
								<row1>1.809945617514784e-08 0.9999999999999994 -3.018640585390313e-08</row1>
								<row2>-0.7508292078219616 3.352761288067956e-08 0.6604964047452829</row2>
								<row3>-0.325417160987854 -1.907348590179936e-08 -1.5258788721439487e-07</row3>
							</transform>
							<node>
								<identifier>Bone018</identifier>
								<transform>
									<row0>0.533358563268667 7.003544484461483e-07 -0.8458892616575131</row0>
									<row1>-4.4286602733282416e-07 0.9999999999997514 5.487101934332898e-07</row1>
									<row2>0.8458892616576872 8.195633645330665e-08 0.5333585632688446</row2>
									<row3>-0.30249881744384766 -7.629394360719743e-08 -3.814697180359872e-08</row3>
								</transform>
								<node>
									<identifier>Bone020</identifier>
									<transform>
										<row0>0.9999115116742189 3.6321580491528413e-07 -0.013298481565974301</row0>
										<row1>-3.2251078510624147e-07 0.9999999999952569 3.063023251538864e-06</row1>
										<row2>0.013298481567023764 -3.0584633060089435e-06 0.9999115116695934</row2>
										<row3>-0.8038397431373596 2.670288097306184e-07 -2.517700295356917e-06</row3>
									</transform>
								</node>
								<node>
									<identifier>HP_eff018</identifier>
									<transform>
										<row0>-0.571510847341768 0.10334270374413773 -0.8140611997592967</row0>
										<row1>0.8158631542201535 -0.03481677292110599 -0.5771957958093733</row1>
										<row2>-0.08799196330932216 -0.9940362557581615 -0.06441534468793762</row2>
										<row3>-0.3664352297782898 -0.01992691121995449 -0.04094886779785156</row3>
									</transform>
								</node>
							</node>
						</node>
					</node>
					<node>
						<identifier>Bone006</identifier>
						<transform>
							<row0>-0.45750516821281756 0.11258011387788848 -0.8820513702775576</row0>
							<row1>-0.5874853991827672 0.706353640647287 0.3948738037425401</row1>
							<row2>0.6674952139978391 0.6988491906805968 -0.25702129867980594</row2>
							<row3>-0.1386798620223999 -0.11659827828407288 0.05301612988114357</row3>
						</transform>
						<node>
							<identifier>Bone008</identifier>
							<transform>
								<row0>-0.29355889406352403 0.06975626909272459 0.9533924892920356</row0>
								<row1>0.020527655154870872 0.9975640645704198 -0.06666747671530662</row1>
								<row2>-0.9557205611945594 8.151287969604404e-08 -0.29427573618963215</row2>
								<row3>-0.38597843050956726 0.0 -2.0980834847250662e-07</row3>
							</transform>
							<node>
								<identifier>Bone010</identifier>
								<transform>
									<row0>0.06406971756626058 -0.18975838137524484 -0.9797380817236516</row0>
									<row1>0.033890714021225066 0.9816026641387974 -0.1879032444071866</row1>
									<row2>0.9973697861399079 -0.02116511660598669 0.06932205662189724</row2>
									<row3>-0.3499121367931366 0.0 -1.1444091541079615e-07</row3>
								</transform>
								<node>
									<identifier>Bone012</identifier>
									<transform>
										<row0>0.9952813419378869 4.777685391794328e-07 0.0970311825656625</row0>
										<row1>-7.247697819770009e-07 0.9999999999965864 2.5103404450364406e-06</row1>
										<row2>-0.0970311825641319 -2.5688202758899066e-06 0.9952813419348356</row2>
										<row3>-0.7495374083518982 -3.4332276754867053e-07 8.773803870099073e-07</row3>
									</transform>
								</node>
								<node>
									<identifier>HP_eff013</identifier>
									<transform>
										<row0>-0.22531974438806915 -0.7301941553928843 -0.6450174479957634</row0>
										<row1>0.9410323654967545 0.008381238721906992 -0.33821271697715477</row1>
										<row2>0.2523669944277139 -0.6831882978122199 0.6852478747547953</row2>
										<row3>-0.3634300231933594 -0.019598254933953285 -0.0680941790342331</row3>
									</transform>
								</node>
							</node>
						</node>
					</node>
					<node>
						<identifier>Bone023</identifier>
						<transform>
							<row0>-0.7505601438939443 -0.41607163549118525 -0.5133651189244414</row0>
							<row1>-0.6153715464463722 0.723178952815026 0.3135762459587189</row1>
							<row2>0.2407846819601938 0.5512681522708006 -0.7988279922644586</row2>
							<row3>0.1179332509636879 0.11096202582120895 0.13602562248706818</row3>
						</transform>
						<node>
							<identifier>Bone025</identifier>
							<transform>
								<row0>0.3330144483935412 0.0012399033502902088 -0.9429209085606425</row0>
								<row1>-0.00039987426643032717 0.9999992312240406 0.0011737341687646707</row1>
								<row2>0.9429216389826445 -1.382063015931351e-05 0.3330146881854818</row2>
								<row3>-0.369024395942688 1.335144048653092e-07 1.5258788721439487e-07</row3>
							</transform>
							<node>
								<identifier>Bone027</identifier>
								<transform>
									<row0>-0.1321987134753925 -0.19020032611905027 0.9728037915686657</row0>
									<row1>-0.03814307596945841 0.9816667044465868 0.18674974679308112</row1>
									<row2>-0.9904890729605456 -0.012417654137579892 -0.13702991721328042</row2>
									<row3>-0.30984213948249817 2.0980834847250662e-07 -5.722046125811175e-07</row3>
								</transform>
								<node>
									<identifier>Bone029</identifier>
									<transform>
										<row0>0.9982722734710949 -0.00013853609197002863 -0.05875754272093714</row0>
										<row1>-0.00010833949766573492 0.9999911808454424 -0.004198391821998522</row1>
										<row2>0.05875760615788204 0.004197503911731376 0.9982634545446939</row2>
										<row3>-0.697411298751831 -4.253387305652723e-05 3.662109520519152e-05</row3>
									</transform>
								</node>
								<node>
									<identifier>HP_eff016</identifier>
									<transform>
										<row0>0.25379896208508845 -0.6964068425010025 -0.6712701368021041</row0>
										<row1>0.959186843870455 0.09174516014978643 0.2674760253460584</row1>
										<row2>-0.12468634805128861 -0.7117586215191732 0.6912691077306717</row2>
										<row3>-0.32743456959724426 0.03705601766705513 0.06577155739068985</row3>
									</transform>
								</node>
							</node>
						</node>
					</node>
					<node>
						<identifier>Bone015</identifier>
						<transform>
							<row0>-0.32445084766422233 -0.6931168376706967 -0.6436774788567181</row0>
							<row1>-0.928442346076559 0.10321095251139695 0.356850541954955</row1>
							<row2>-0.18090455345795625 0.7133978894130983 -0.6770059039027017</row2>
							<row3>0.014591140672564507 0.09674294292926788 0.11731422692537308</row3>
						</transform>
						<node>
							<identifier>Bone017</identifier>
							<transform>
								<row0>0.6604965274554527 -1.2177042562406814e-07 -0.7508290998751138</row0>
								<row1>8.322600309680003e-08 0.9999999999999926 -8.896823470979611e-08</row1>
								<row2>0.750829099875119 -3.725294911711771e-09 0.660496527455458</row2>
								<row3>-0.3254169225692749 -1.907348590179936e-08 0.0</row3>
							</transform>
							<node>
								<identifier>Bone019</identifier>
								<transform>
									<row0>0.533816026245699 -0.0003972090972685898 0.8456005512936852</row0>
									<row1>0.00021158301816075653 0.9999999211123195 0.00033616659724635366</row1>
									<row2>-0.8456006181146498 -5.364002974691997e-07 0.5338160681768905</row2>
									<row3>-0.30249905586242676 -5.7220457705398076e-08 -3.0517577442878974e-07</row3>
								</transform>
								<node>
									<identifier>Bone021</identifier>
									<transform>
										<row0>0.9999109532774536 3.467127326054028e-05 0.013344823478660544</row0>
										<row1>-3.465314763140652e-05 0.9999999993983164 -1.589482058645428e-06</row1>
										<row2>-0.01334482352574055 1.1269003823564756e-06 0.9999109538772925</row2>
										<row3>-0.803840160369873 -2.9315948268049397e-05 -3.62396240234375e-05</row3>
									</transform>
								</node>
								<node>
									<identifier>HP_eff015</identifier>
									<transform>
										<row0>0.5720148677777668 -0.1029629184928788 -0.8137552632435706</row0>
										<row1>0.8155322568441788 -0.03478497980835722 0.5776652518772204</row1>
										<row2>-0.08778456064607457 -0.9940767790242165 0.06407205566403094</row2>
										<row3>-0.3662426769733429 -0.020069370046257973 0.04042495787143707</row3>
									</transform>
								</node>
							</node>
						</node>
					</node>
					<node>
						<identifier>Bone007</identifier>
						<transform>
							<row0>-0.4575059389475554 -0.11257431595998761 -0.8820517780798679</row0>
							<row1>-0.5874870263497094 -0.706354265928675 0.3948704152948642</row1>
							<row2>-0.6674933031113431 0.6988495363027035 0.25702532153662394</row2>
							<row3>-0.13867950439453125 0.11674648523330688 0.05301673710346222</row3>
						</transform>
						<node>
							<identifier>Bone009</identifier>
							<transform>
								<row0>-0.2935586927085525 0.06975733625121823 -0.9533924732104717</row0>
								<row1>0.020528012780716615 0.9975639899470684 0.06666848319978406</row1>
								<row2>0.95572055839588 -1.4010210450479685e-07 -0.29427554273191253</row2>
								<row3>-0.3859783113002777 3.814697180359872e-08 1.4781952017983713e-07</row3>
							</transform>
							<node>
								<identifier>Bone011</identifier>
								<transform>
									<row0>0.06406971811173637 -0.18975815173781135 0.9797381870020849</row0>
									<row1>0.034924609709040044 0.9815802422748278 0.18783104006622964</row1>
									<row2>-0.9973341179653656 0.02218269200841272 0.06951679881514998</row2>
									<row3>-0.3499121069908142 1.5258788721439487e-07 7.629394360719743e-08</row3>
								</transform>
								<node>
									<identifier>Bone013</identifier>
									<transform>
										<row0>0.995281377038261 1.2838279143126358e-06 -0.09703082252137551</row0>
										<row1>-1.2212454697630767e-06 0.9999999999990062 7.04364238989841e-07</row1>
										<row2>0.09703082252218338 -5.825421572867008e-07 0.9952813770388398</row2>
										<row3>-0.7495376467704773 -1.5258789289873675e-06 -2.098083541568485e-06</row3>
									</transform>
								</node>
								<node>
									<identifier>HP_eff014</identifier>
									<transform>
										<row0>0.22532011812466765 0.7308641155207705 -0.6442580919261531</row0>
										<row1>0.9410321067707685 0.008029905175078067 0.33822196062563414</row1>
										<row2>0.2523676254887987 -0.682475761669908 -0.6859572992090865</row2>
										<row3>-0.3633635640144348 -0.019454212859272957 0.0678827315568924</row3>
									</transform>
								</node>
							</node>
						</node>
					</node>
					<node>
						<identifier>Bone000</identifier>
						<transform>
							<row0>-0.9998120983616234 1.549720266447502e-06 0.019384735420579658</row0>
							<row1>1.6064369978767804e-06 0.9999999999944749 2.9102733707728897e-06</row1>
							<row2>-0.019384735415962445 2.9408668818120692e-06 -0.9998120983585889</row2>
							<row3>0.17619802057743073 -2.7180328743270366e-07 -0.003602142445743084</row3>
						</transform>
						<node>
							<identifier>Bone001</identifier>
							<transform>
								<row0>0.9267740284784135 -4.263256430730125e-14 0.37561935538240415</row0>
								<row1>-1.7891264393851688e-07 0.9999999999998865 4.4143527756278937e-07</row1>
								<row2>-0.3756193553823615 -4.763138024853002e-07 0.9267740284783084</row2>
								<row3>-0.45532867312431335 -5.165495053915947e-08 1.5258788721439487e-07</row3>
							</transform>
							<node>
								<identifier>Bone002</identifier>
								<transform>
									<row0>0.8180981953046829 -9.015010368921904e-14 -0.5750785536248252</row0>
									<row1>-7.125961107888548e-08 0.9999999999999923 -1.0137301939777447e-07</row1>
									<row2>0.5750785536248207 1.2391295829301894e-07 0.8180981953046766</row2>
									<row3>-0.46505245566368103 -1.45519149031062e-13 -7.629394360719743e-08</row3>
								</transform>
								<node>
									<identifier>Bone003</identifier>
									<transform>
										<row0>0.9097071284637545 -1.2967406275207583e-13 -0.4152504550536099</row0>
										<row1>-9.788691576235463e-11 1.0 -2.1475737842017295e-10</row1>
										<row2>0.4152504550536099 2.3601390435313155e-10 0.9097071284637545</row2>
										<row3>-0.35181450843811035 2.221731776330671e-08 3.814697180359872e-08</row3>
									</transform>
									<node>
										<identifier>Bone004</identifier>
										<transform>
											<row0>0.9937763877413633 -3.730349726799613e-14 -0.11139340720046001</row0>
											<row1>-1.0176417477382532e-11 1.0 -9.11219716964306e-11</row1>
											<row2>0.11139340720046001 9.16884496922495e-11 0.9937763877413633</row2>
											<row3>-0.3068496584892273 1.673532068480199e-08 7.629394360719743e-08</row3>
										</transform>
										<node>
											<identifier>Bone005</identifier>
											<transform>
												<row0>0.9988555917159875 -1.7763564174766379e-15 -0.047827888283975946</row0>
												<row1>-2.2163451290206624e-12 1.0 -4.632412513296259e-11</row1>
												<row2>0.047827888283975946 4.637711452764033e-11 0.9988555917159875</row2>
												<row3>-0.3322201669216156 -1.45519149031062e-13 -3.0517577442878974e-07</row3>
											</transform>
										</node>
									</node>
								</node>
							</node>
							<node>
								<identifier>HP_eff012</identifier>
								<transform>
									<row0>4.371145229681647e-08 -0.999999999999999 -0.0</row0>
									<row1>0.6421451150310166 2.8069095563312034e-08 0.7665830235744303</row1>
									<row2>-0.7665830235744295 -3.350845726652305e-08 0.6421451150310172</row2>
									<row3>-0.5065317749977112 -0.0048230718821287155 0.19241203367710114</row3>
								</transform>
							</node>
							<node>
								<identifier>HP_eff007</identifier>
								<transform>
									<row0>4.371145229681647e-08 -0.999999999999999 -0.0</row0>
									<row1>0.6421451150310166 2.8069095563312034e-08 0.7665830235744303</row1>
									<row2>-0.7665830235744295 -3.350845726652305e-08 0.6421451150310172</row2>
									<row3>-0.2840161621570587 -0.1915213167667389 0.03890030086040497</row3>
								</transform>
							</node>
							<node>
								<identifier>HP_eff006</identifier>
								<transform>
									<row0>4.371145229681647e-08 -0.999999999999999 -0.0</row0>
									<row1>0.6421451150310166 2.8069095563312034e-08 0.7665830235744303</row1>
									<row2>-0.7665830235744295 -3.350845726652305e-08 0.6421451150310172</row2>
									<row3>-0.28401684761047363 0.19151870906352997 0.03890068084001541</row3>
								</transform>
							</node>
						</node>
						<node>
							<identifier>HP_eff008</identifier>
							<transform>
								<row0>4.371139900611129e-08 -0.999999999999999 -0.0</row0>
								<row1>0.30717995513774937 1.3427265585705542e-08 0.9516514462562278</row1>
								<row2>-0.9516514462562268 -4.1598016082048844e-08 0.3071799551377497</row2>
								<row3>-0.23624533414840698 -0.1915205717086792 0.03456313908100128</row3>
							</transform>
						</node>
						<node>
							<identifier>HP_eff005</identifier>
							<transform>
								<row0>4.371139900611129e-08 -0.999999999999999 -0.0</row0>
								<row1>0.30717995513774937 1.3427265585705542e-08 0.9516514462562278</row1>
								<row2>-0.9516514462562268 -4.1598016082048844e-08 0.3071799551377497</row2>
								<row3>-0.23624593019485474 0.19151948392391205 0.03456313908100128</row3>
							</transform>
						</node>
					</node>
					<node>
						<identifier>HP_xuanze</identifier>
						<transform>
							<row0>4.371138834797025e-08 -0.999999999999999 -0.0</row0>
							<row1>-0.3323785956170977 -1.4528729871571935e-08 -0.9431460486985065</row1>
							<row2>0.9431460486985056 4.122622320351408e-08 -0.33237859561709804</row2>
							<row3>-0.0029411697760224342 -1.2282107775263285e-08 0.0028054809663444757</row3>
						</transform>
					</node>
					<node>
						<identifier>HP_eff009</identifier>
						<transform>
							<row0>4.371156598365419e-08 -0.999999999999999 -0.0</row0>
							<row1>-0.3377798149885697 -1.4764884670819384e-08 -0.9412251572213141</row1>
							<row2>0.9412251572213132 4.114242556535476e-08 -0.33777981498857</row2>
							<row3>0.0348491296172142 -0.19152015447616577 -0.009410399943590164</row3>
						</transform>
					</node>
					<node>
						<identifier>HP_eff004</identifier>
						<transform>
							<row0>4.371156598365419e-08 -0.999999999999999 -0.0</row0>
							<row1>-0.3377798149885697 -1.4764884670819384e-08 -0.9412251572213141</row1>
							<row2>0.9412251572213132 4.114242556535476e-08 -0.33777981498857</row2>
							<row3>0.034850310534238815 0.19151996076107025 -0.009409332647919655</row3>
						</transform>
					</node>
				</node>
			</node>
			<node>
				<identifier>Point003</identifier>
				<transform>
					<row0>-0.9999999999998105 -4.768371014821166e-07 3.894143674187649e-07</row0>
					<row1>3.8941330823628056e-07 2.2212650077015356e-06 0.9999999999974571</row1>
					<row2>-4.768379664734119e-07 0.9999999999974193 -2.221264822014401e-06</row2>
					<row3>0.6451367139816284 -0.8096678853034973 0.01588636450469494</row3>
				</transform>
				<node>
					<identifier>IK Chain005</identifier>
					<transform>
						<row0>1.0 -0.0 4.955400239453622e-14</row0>
						<row1>1.1802704483666056e-19 0.9999999999971636 -2.381786316611917e-06</row1>
						<row2>-4.9554002394395667e-14 2.381786316611917e-06 0.9999999999971636</row2>
						<row3>0.17707252502441406 0.6686953902244568 0.08721893280744553</row3>
					</transform>
					<node>
						<identifier>IK Chain006</identifier>
						<transform>
							<row0>1.0 -0.0 4.7648828784517545e-14</row0>
							<row1>-1.3542611664126282e-27 1.0 2.842170943040401e-14</row1>
							<row2>-4.7648828784517545e-14 -2.842170943040401e-14 1.0</row2>
							<row3>-0.1770724505186081 -0.6686949729919434 -0.08722053468227386</row3>
						</transform>
					</node>
				</node>
			</node>
			<node>
				<identifier>Point002</identifier>
				<transform>
					<row0>-0.9999999999998105 -4.768371014821166e-07 3.894143674187649e-07</row0>
					<row1>3.894139903580106e-07 7.907536465588605e-07 0.9999999999996115</row1>
					<row2>-4.768374094127624e-07 0.9999999999995737 -7.907534608716723e-07</row2>
					<row3>1.0820679664611816 -0.3649575412273407 0.010734425857663155</row3>
				</transform>
				<node>
					<identifier>IK Chain003</identifier>
					<transform>
						<row0>1.0 -0.0 2.304157298987919e-14</row0>
						<row1>2.736095773566004e-20 0.999999999999295 -1.1874604979303325e-06</row1>
						<row2>-2.3041572989862945e-14 1.1874604979303325e-06 0.999999999999295</row2>
						<row3>0.45940518379211426 0.6558226943016052 0.07073105126619339</row3>
					</transform>
					<node>
						<identifier>IK Chain004</identifier>
						<transform>
							<row0>1.0 -0.0 2.868505197370537e-14</row0>
							<row1>-8.15278212192691e-28 1.0 2.842170943040401e-14</row1>
							<row2>-2.868505197370537e-14 -2.842170943040401e-14 1.0</row2>
							<row3>-0.45940518379211426 -0.6558225750923157 -0.07073192298412323</row3>
						</transform>
					</node>
				</node>
			</node>
			<node>
				<identifier>Point004</identifier>
				<transform>
					<row0>-0.9999999999999962 1.0780605716316197e-14 8.742277657347553e-08</row0>
					<row1>8.742277657346416e-08 -4.0133926410573157e-07 0.9999999999999157</row1>
					<row2>4.586679853239375e-14 0.9999999999999195 4.013392641057291e-07</row2>
					<row3>-0.645284116268158 -0.8096684217453003 0.01588636450469494</row3>
				</transform>
				<node>
					<identifier>IK Chain011</identifier>
					<transform>
						<row0>1.0 -1.3234889800848443e-23 -1.042160708588074e-14</row0>
						<row1>1.323503790079264e-23 1.0 1.4210854715202004e-14</row1>
						<row2>1.042160708588074e-14 -1.4210854715202004e-14 1.0</row2>
						<row3>-0.17707225680351257 0.6686949133872986 0.08722060918807983</row3>
					</transform>
					<node>
						<identifier>IK Chain012</identifier>
						<transform>
							<row0>1.0 1.3234889800848443e-23 -1.042160708588074e-14</row0>
							<row1>-1.3234741700904246e-23 1.0 1.4210854715202004e-14</row1>
