<?xml version="1.0" encoding="utf-8"?>
<Resource>
	<Version>1</Version>
	<SSkinSkeletonData>
		<Root>
			<Sub/>
			<Entity type="SSkinSkeletonData">
				<Bones count="25" ordered="true">
					<Element index="0">
						<Transform rawdata="9F2QPYYCE72iMn8//VqiPhDFcj8tBUA84h1yv3ZsoT7pNqA9qI0IPtHXtL62dwc9">(0.0704917010433035,-0.03589107809540186,0.99686634619623649,0.31710043033699759,0.94831941909747819,0.01171998396653194,-0.94576846994683428,0.31528062334567059,0.07822973461959935,0.13335287029559573,-0.35320905946779502,0.03307315103060495)</Transform>
						<Name>Bone_R_tooth_01</Name>
					</Element>
					<Element index="1">
						<Transform rawdata="kl2QvT0CEz2hMn8/+1qiPhbFcj8hBUC87B1yv3RsoT57NqC9WaEIPtXctL5Gzwu9">(-0.07049097140859052,0.03589080700823376,0.99686629147723615,0.31710038793610784,0.94831976658064521,-0.0117199725673938,-0.94576904272489504,0.31528055428886398,-0.07822890976137796,0.13342799416883708,-0.35324731280732602,-0.03413321651557519)</Transform>
						<Name>Bone_L_tooth_00</Name>
					</Element>
					<Element index="2">
						<Transform rawdata="zMvTNAAAgD+W8YYzrRMhPvv7DCoe0Hy/HtB8v1B31jStEyG+0cYCPtvBBbJv9Lg+">(0.00000039450093682,0.99999999999992017,0.00000006283805608,0.15730161682177018,0.00000000000012522,-0.98755060697933683,-0.98755060697925823,0.00000039947416743,-0.15730161682175764,0.12771154880454155,-0.00000000778569691,0.36123989169088794)</Transform>
						<Name>Bone_C_head_00</Name>
					</Element>
					<Element index="3">
						<Transform rawdata="QtOCvnyCdj8FHbE9ZuBWvybah75s5vI+5qT1Ps4yRz1gRGA/jJeJPrVEiT1yMo6+">(-0.25551800841121131,0.96292852588643796,0.08648113287027469,-0.83936157258994304,-0.26533620504151711,0.47441423070319916,0.4797737144177518,0.04863243680714548,0.87604332823509901,0.26873433298777155,0.06702558179315141,-0.27772861871686311)</Transform>
						<Name>Bone_L_wing_00</Name>
					</Element>
					<Element index="4">
						<Transform rawdata="UtOCPn+Cdr9THLE9Y+BWvx3ah76I5vK+9aT1PnI0Rz1eRGC/7XOJPmRdiz1sJo4+">(0.25551849743860677,-0.96292870075828396,0.08647980851850016,-0.83936139119895159,-0.26533595761645501,-0.47441506692799751,0.47977414401841822,0.04863400107971855,-0.87604321023543552,0.26846255906388439,0.06804922422193396,0.27763687320840635)</Transform>
						<Name>Bone_R_wing_00</Name>
					</Element>
					<Element index="5">
						<Transform rawdata="LEDVNAAAgD+TZjYzKbrZPa6XA6uZjH6/mYx+v0931jQputm9a+VXPNJDdrEcWbU+">(0.0000003972103148,0.9999999999999204,0.00000004246846948,0.10631209987098821,-0.00000000000046751,-0.99433287013470595,-0.99433287013462646,0.00000039947413691,-0.10631209987097973,0.0131772559110125,-0.00000000358362636,0.354195467463081)</Transform>
						<Name>Bone_C_pelvis_00</Name>
					</Element>
					<Element index="6">
						<Transform rawdata="4bgOv36hKb+9BwA/6vEqPwEaOzXSjz4/X4r8voW7Pz8Ki+I+Gw3KvfmkUL0eCpK+">(-0.55750850752590719,-0.66262041676104633,0.50011809028235976,0.66775383866763982,0.00000069700771664,0.74438200712108127,-0.49324318197247374,0.74895507639239856,0.44246704377634677,-0.09865781057484357,-0.050938578683333,-0.28523344530185929)</Transform>
						<Name>Bone_L_leg_01</Name>
					</Element>
					<Element index="7">
						<Transform rawdata="5cy5tAAAgD/SHFYzq7j/vsP4Z7RpyF0/achdP0WZkzSruP8+puCHPhmamDPfQZm+">(-0.00000034608015111,0.99999999999993916,0.00000004985196875,-0.4994557905036599,-0.00000021604050357,0.86633923777800914,0.86633923777796684,0.00000027492402541,0.4994557905037042,0.26538579421257591,0.00000007106081438,-0.29933066918904855)</Transform>
						<Name>Bone_C_spine_05</Name>
					</Element>
					<Element index="8">
						<Transform rawdata="SkRHvwg5+D78NMw+NXvpPufltjUc1WM/I+ncPg3nXz+pY2K+fm+YvQyksLwaw5e+">(-0.77838576402810677,0.4848101009197136,0.39884173719619403,0.45601812334768416,0.00000136269666328,0.88997054198216263,0.43146619049102442,0.87461930439810431,-0.2210832926378612,-0.07443140597104719,-0.02156259798303774,-0.29641038826178995)</Transform>
						<Name>Bone_L_leg_00</Name>
					</Element>
					<Element index="9">
						<Transform rawdata="Dhm1voWhKb/wACk/AadhPyXYVzUezfE+AjmgvoW7Pz+hhRU/pigevuSkUL3nPf2+">(-0.35370678594320787,-0.66262086485212146,0.66017055228430721,0.88145450638157052,0.00000080408272023,0.47226804542763751,-0.31293493040170162,0.74895507787268545,0.5840702806962158,-0.15445194166438458,-0.05093850228365429,-0.49461290607778546)</Transform>
						<Name>Bone_L_leg_03</Name>
					</Element>
					<Element index="10">
						<Transform rawdata="342WPkMr+L6J4lI/lR1xP5dJqjnhCay+gIAmPt3qXz/zyek+Q0qGvrydsrwgvQc/">(0.29405115098905804,-0.48470507060635243,0.82376915965629482,0.94185762191934641,0.00032479754277332,-0.33601288468252216,0.1625995617207274,0.87467745518934614,0.45661886274108437,-0.26228533272119103,-0.02180372935553743,0.53022958318948854)</Transform>
						<Name>Bone_R_leg_06</Name>
					</Element>
					<Element index="11">
						<Transform rawdata="Y3jPPnihKT8dPyG/mEtXv0q+uDWQgQq/qo23vpG7Pz+8qA4/glGLPr7JT71/1de9">(0.40521535705340717,0.66262005572395555,-0.62986925293719187,-0.84099722796800747,0.00000137644497782,-0.54103946015389304,-0.35850268751880715,0.74895579372870036,0.55726218781649639,0.27210623567634745,-0.05072950551329279,-0.10538767998868284)</Transform>
						<Name>Bone_R_leg_02</Name>
					</Element>
					<Element index="12">
						<Transform rawdata="4bgOP3yhKT/HBwA/7PEqPzX9qTXTjz6/YYr8vo+7Pz/6iuK+x7DJvaPJT73THpI+">(0.55750853352192742,0.66262030915782066,0.50011865154504298,0.66775394119553377,0.00000126651746564,-0.74438207529213607,-0.49324325547143738,0.74895564909319701,-0.44246656411591168,-0.09848170999711583,-0.05072940516504958,0.28539142852351201)</Transform>
						<Name>Bone_R_leg_01</Name>
					</Element>
					<Element index="13">
						<Transform rawdata="Y0xHPzcr+L4qJsw+NXvpPsF+qjka1WO/6svcPuDqXz8lmWI+quuXvcGdsrzz0pc+">(0.77850930628971637,-0.4847047114613624,0.39872866299492127,0.45601811270568809,0.00032519365564065,-0.8899704349771419,0.43124325027140625,0.87467765406331666,0.22128732040692939,-0.07417995949335587,-0.02180373907668663,0.29653129582282617)</Transform>
						<Name>Bone_R_leg_00</Name>
					</Element>
					<Element index="14">
						<Transform rawdata="PbSWvgc5+D6f11I/PhFxPw4snDXWTqw+fRInPgvnXz+Bvum+zkGGvkmksLxrsAe/">(-0.2943438499681329,0.48481007754424504,0.82360263437181336,0.9416693638742718,0.00000116357273495,0.33653897369887437,0.16315645953983399,0.87461918105721947,-0.45653154798224677,-0.26222080295815631,-0.02156271198061951,-0.53003567422869136)</Transform>
						<Name>Bone_L_leg_06</Name>
					</Element>
					<Element index="15">
						<Transform rawdata="7je1PnyhKT+3+Cg/BpxhPxoStDVL9vG+V1Sgvo67Pz9GfhW/avAdvp3JT70ZW/0+">(0.35394232420245103,0.66262032906274881,0.66004505962856852,0.88128696610190072,0.0000013416313837,-0.47258218201997326,-0.31314346516125041,0.7489556314826642,-0.58395801058391583,-0.15423742381312042,-0.05072938222315512,0.49483564733222307)</Transform>
						<Name>Bone_R_leg_03</Name>
					</Element>
					<Element index="16">
						<Transform rawdata="wZXPvn6hKb+hNSG/7j5Xvzu3YTU3lQo/xqe3vou7Pz9coA6/pkWLPgilUL1aOtc9">(-0.40543939474206381,-0.66262040872849404,-0.62972455307431441,-0.84080400917258957,0.00000084085667041,0.54133934002422601,-0.35870187971838247,0.7489554018336313,-0.55713436996607058,0.27201574251922672,-0.05093863789002256,0.10509176315158418)</Transform>
						<Name>Bone_L_leg_02</Name>
					</Element>
					<Element index="17">
						<Transform rawdata="8MIBv507Rj+z7ME+LX8Rv9JsIb82Twc/8uolP+OjVz3/fEI/drUgPtyRUz78e5i+">(-0.50688075627102314,0.77434712728945576,0.37875901053740857,-0.56834681570610468,-0.63056672349876763,0.52855241069274073,0.64811621678862141,0.05264652730815017,0.75971981644961517,0.15694221372649264,0.20661110016905104,-0.29782092470606653)</Transform>
						<Name>Bone_L_wing_01</Name>
					</Element>
					<Element index="18">
						<Transform rawdata="b3P4vgn8Qj9I3ds+IdMJv1iyJb/9JQo/NGAwP3xF+zxrYTk/ZkewPnBWXT6bJp++">(-0.48525568838523725,0.76165825194503234,0.42942261988549807,-0.53837783444718312,-0.64725256872105663,0.53964212876662443,0.6889679385228642,0.03067278155028795,0.72414273841570864,0.34429471512193421,0.21615004536900359,-0.31084140505205077)</Transform>
						<Name>Bone_L_wing_02</Name>
					</Element>
					<Element index="19">
						<Transform rawdata="6cIBP6M7Rr+07ME+J38Rv9NsIb86Twe/8uolP/2jVz36fEK/ICggPrNpVD4zR5g+">(0.50688033495809393,-0.77434747082787514,0.37875901564821057,-0.56834643181943745,-0.63056676592452765,-0.5285526790670253,0.64811623916615768,0.05264662708337225,-0.75971947027588338,0.15640306246938865,0.20743445794522364,0.29741822151416014)</Transform>
						<Name>Bone_R_wing_01</Name>
					</Element>
					<Element index="20">
						<Transform rawdata="I3P4Pp87Rr8W7M8+HtMJv9tsIb/CHQ+/S2AwPxOjVz1mDjm/YoisPsJpVD5jBqI+">(0.48525341340651645,-0.77434721711839727,0.40609807168797829,-0.53837766455087721,-0.63056724491876004,-0.55904784659808426,0.68896932754613094,0.05264575381908802,-0.72287593884899359,0.33697802273970501,0.2074346883431496,0.31645498419131857)</Transform>
						<Name>Bone_R_wing_03</Name>
					</Element>
					<Element index="21">
						<Transform rawdata="+NUMvwg5+D7rDy6/vgNHv+xOuTWCBiE/TSKcPg3nXz/f98A+RKOgPjiksLwgjlQ9">(-0.55013990077039021,0.48481010240499622,-0.67993037023688307,-0.77740084665454989,0.00000138065433286,0.62900557863083806,0.30494919773813789,0.87461930357476936,0.37689111438111872,0.3137456177682591,-0.02156267975034055,0.05189335267114897)</Transform>
						<Name>Bone_L_leg_05</Name>
					</Element>
					<Element index="22">
						<Transform rawdata="RekMPzgr+L41BS6/suxGv8F5qjn2IiG/C1KcPuDqXz9vv8C+Wr2gPtKdsrxGvlS9">(0.55043441951913552,-0.48470474372092553,-0.67976696961069816,-0.77704917193680267,0.00032515640618884,-0.62943969902380448,0.30531343858799409,0.87467763620045003,-0.37646053221966114,0.31394465008704159,-0.02180377047322761,-0.05193927252826836)</Transform>
						<Name>Bone_R_leg_05</Name>
					</Element>
					<Element index="23">
						<Transform rawdata="JBI2NQAAgD82kYi2qTxXv6MkOjbFmAo/xZgKPwMATTapPFc/bSZxP94z9rSkgKo9">(0.0000006782668172,0.99999999999148748,-0.00000407002043652,-0.84076935309787848,0.00000277374857845,0.54139358519748049,0.54139358520416103,0.00000305473878147,0.84076935309260281,0.94199256160466605,-0.00000045858809077,0.08325317626470452)</Transform>
						<Name>Bone_C_spine_02</Name>
					</Element>
					<Element index="24">
						<Transform rawdata="gwNVtAAAgD/jWGi0f3wnvz9uETPUm0E/1JtBPyaOnDR/fCc/dL4eP3R5n7MF4z2+">(-0.00000019838448856,0.99999999999995692,-0.00000021639021156,-0.65424343738334922,0.00000003386071019,0.75628402379054549,0.75628402379052018,0.00000029160689509,0.65424343738331436,0.62009356443960673,-0.00000007426106631,-0.18543632764163701)</Transform>
						<Name>Bone_C_spine_04</Name>
					</Element>
				</Bones>
			</Entity>
		</Root>
	</SSkinSkeletonData>
</Resource>
