<?xml version="1.0" encoding="utf-8"?>
<Resource>
	<Version>1</Version>
	<SSkinSkeletonData>
		<Root>
			<Sub/>
			<Entity type="SSkinSkeletonData">
				<Bones count="102" ordered="true">
					<Element index="0">
						<Transform rawdata="EmQeP/GKGLUhHkk/5/8eP5HDHD/ucPq+9k/2vm9jSj8C/ME+Ea8rv77Skr81SWE/">(0.618714455375449,-0.00000056826596073,0.78561595115497673,0.62109226348325386,0.61235911622648098,-0.48914283498337352,-0.48107881157946469,0.79057973207893473,0.3788757900358502,-0.67064005675458793,-1.14705635857447663,0.88002332427950614)</Transform>
						<Name>right_forward_leg5</Name>
					</Element>
					<Element index="1">
						<Transform rawdata="/wMvP5aSALWL1Do/H88hP7T0/z6ekxe/Qsy6vhq3XT9R/K4+c8E/v3fkfb8HR4Q/">(0.68365472509515501,-0.00000047897029008,0.72980564559863847,0.63206666665791844,0.49991381133502077,-0.59209623536093237,-0.364839616482388,0.86607515911511046,0.34176876237167519,-0.74904553772601923,-0.9917673651969442,1.03341761199722915)</Transform>
						<Name>right_forward_leg4</Name>
					</Element>
					<Element index="2">
						<Transform rawdata="BAQvPwQ/drWG1Do/Hs8hv7D0/76hkxc/Msy6Phu3Xb9d/K6+iME/P4vkfT8VR4S/">(0.68365502985558468,-0.0000009173383981,0.72980536010985475,-0.63206661328209224,-0.49991370674713792,0.59209638064474823,0.36483913787759348,-0.86607521948471378,-0.34176912030143208,0.74904680353142183,0.9917685376944616,-1.03341928661299232)</Transform>
						<Name>left_forward_leg4</Name>
					</Element>
					<Element index="3">
						<Transform rawdata="GGQeP0Ddg7UcHkk/5/8ev5DDHL/ycPo+6E/2PnBjSr8Q/MG+y0MrP+59kz+HAmC/">(0.61871480348506736,-0.00000098246527211,0.78561567699955503,-0.62109225392842649,-0.61235903363724753,0.48914295050932016,0.48107837621175753,-0.79057979604964035,-0.37887620936074562,0.66900321127441154,1.15228054277213965,-0.87503854836845951)</Transform>
						<Name>left_forward_leg5</Name>
					</Element>
					<Element index="4">
						<Transform rawdata="xKpDvMWjGTNU+38/EIC2PrMubz+Nf4s7VSpvv2WDtj4s0Da8HB8HvzG21b+8s4S7">(-0.01194256894343047,0.0000000357720352,0.99992868498059906,0.35644578268160559,0.93430630988720942,0.00425714851086055,-0.93423967966230648,0.35647120403329163,-0.0111580302709012,-0.5278184653731407,-1.66962255766857037,-0.00404974617539795)</Transform>
						<Name>Head</Name>
					</Element>
					<Element index="5">
						<Transform rawdata="nU8NPzlg77T7dlU/41s1P94FBz9SHfC+Py3hvid/WT99EJU+6ex5v4AGhL8dLmA/">(0.55199605580283173,-0.00000044587229472,0.83384672115318537,0.70843333459930047,0.52743330497542984,-0.46897368714162474,-0.43979832287837628,0.84959643878873226,0.29114141991628606,-0.97627121942288186,-1.03144830962422218,0.875703638718064)</Transform>
						<Name>right_forward_leg3</Name>
					</Element>
					<Element index="6">
						<Transform rawdata="SYYXP119zrQcV04/2y4Cv0OeRj+9Mr8+8hYgv52DIb8LH+s+k0xqP2X9k78XfAy/">(0.59189278196217088,-0.00000038461705057,0.8060167086735448,-0.50852746036777541,0.77585235758987969,0.37343398516220483,-0.62535010731028318,-0.63091451023262823,0.45922121473745109,0.91523091556202485,-1.15617052258555142,-0.54876848413666657)</Transform>
						<Name>right_forward_leg2</Name>
					</Element>
					<Element index="7">
						<Transform rawdata="o08NP37YbLX3dlU/41s1v90FB79WHfA+Mi3hPih/Wb+MEJW+Ie15P5UGhD9DLmC/">(0.55199639605527373,-0.00000088231888759,0.83384649590989546,-0.70843331229963924,-0.52743322384340552,0.46897381207303485,0.43979793174383092,-0.84959648915551311,-0.29114186378546636,0.97627455781599726,1.0314508728367513,-0.87570587225505958)</Transform>
						<Name>left_forward_leg3</Name>
					</Element>
					<Element index="8">
						<Transform rawdata="B+RevykdAbPK1vs+JFxsPXI7fr/YMNE9lhn6PttD8D0AWl0/demLvbj+zT8Pqku+">(-0.87066691516050965,-0.00000003006167333,0.49187307595037255,0.05770505925134026,-0.99309458680825502,0.10214394430181517,0.48847645693695535,0.11731692487207718,0.86465455055622442,-0.06831637415020056,1.60933588998026833,-0.19889091609686904)</Transform>
						<Name>left_mid_leg</Name>
					</Element>
					<Element index="9">
						<Transform rawdata="f4A7vnvPGbT7q3s/AUBsPwZ5sL4lAzA+NX2tPiJQcD8OQYE9qcCwv8t/Lz9JHw2/">(-0.18310736598777139,-0.00000014324716618,0.98309298020757607,0.92285164624750748,-0.3446733457865338,0.17188700185489975,0.33884588169149354,0.93872275135611583,0.06311236066904764,-1.38087950331093379,0.68554368707850544,-0.55125863778969342)</Transform>
						<Name>left_mid_leg1</Name>
					</Element>
					<Element index="10">
						<Transform rawdata="DeRev80lKrS11vs+JVxsvXI7fj/MMNG9gRn6vtBD8L0GWl2/d+mLPbX+zb8Dqks+">(-0.87066725942602197,-0.00000015846235564,0.4918724665637989,-0.0577050620910163,0.99309453642730572,-0.10214385702188378,-0.48847584297757501,-0.11731684328437229,-0.86465490752619789,0.06831639603175185,-1.60933557402460026,0.19889073806029287)</Transform>
						<Name>right_mid_leg</Name>
					</Element>
					<Element index="11">
						<Transform rawdata="jYA7vjPvXbX6q3s/AUBsvwh5sD4iAzC+M32tviFQcL9tQYG9/CKxPyZyLL/9Hg8/">(-0.18310757110822418,-0.00000082676994491,0.98309288340530832,-0.92285162862882908,0.34467339420594306,-0.17188694791540207,-0.33884581883205261,-0.9387226700819955,-0.06311307102466789,1.38388014199430187,-0.67361675696344347,0.55906661995688889)</Transform>
						<Name>right_mid_leg1</Name>
					</Element>
					<Element index="12">
						<Transform rawdata="SdD2veB5TLVZIn4/wiRqv8ALxz71ZeO9W5jFvtbca7/45z+9p8yZP5oKOr/yrfA+">(-0.12051446147866407,-0.00000076173270832,0.99271163173563537,-0.9146233946873189,0.38876153279655273,-0.11103430866565368,-0.38592801100004798,-0.9213384126460239,-0.04685208346715206,1.20155803265776662,-0.72672425773529137,0.4700770947486374)</Transform>
						<Name>right_mid_leg2</Name>
					</Element>
					<Element index="13">
						<Transform rawdata="tig+v7TcjDSZZCs/9+okPypniz6T+TY/Vak6vhVUdj+EGU++I1OCv7t8/741XJy/">(-0.74280868369173869,0.00000026237615244,0.66950374116361566,0.64421026518443525,0.27227145494679528,0.7147456813805555,-0.18228657016671837,0.96222048139762972,-0.20224577008127428,-1.01816215605044658,-0.49899849863666546,-1.22156393965867971)</Transform>
						<Name>left_mid2_leg</Name>
					</Element>
					<Element index="14">
						<Transform rawdata="CuTWPrWuEDVXXGg/IVhoPznwQrwl4Na+Ee8wPF37fz+QpqO7UTi8v9XAmL2J8tE+">(0.41970855540838864,0.00000053898414432,0.90765899308386366,0.90759474729613832,-0.0118980943215039,-0.4196788405927509,0.01079918546755063,0.99992927477923477,-0.00499422086129064,-1.47046859310336675,-0.07458654915058166,0.41005351354128527)</Transform>
						<Name>left_mid2_leg1</Name>
					</Element>
					<Element index="15">
						<Transform rawdata="B+TWPlLagDNXXGg/IVhovzPwQjwi4NY+4+8wvF37f7/ioqM7Oji8P9rAmD1s8tG+">(0.41970845400379209,0.00000006000177008,0.90765897430573739,-0.90759472619307813,0.01189808823117419,0.41967874439841552,-0.01079938073494591,-0.99992927485184679,0.00499378237674428,1.47046584840477124,0.0745865853603246,-0.41005265598726087)</Transform>
						<Name>right_mid2_leg1</Name>
					</Element>
					<Element index="16">
						<Transform rawdata="lNCBPleUjTSIonc/SfNyvwQ8Rj7Rt34+vsE/vj8oe7/HC0k9UPWtPzyDM77U5C2+">(0.25354445169376694,0.00000026371227714,0.96732379406339086,-0.94902474394642755,0.19358831504807891,0.24874807945069696,-0.18726250663900837,-0.9810828529114024,0.04908349638826603,1.3590488403641503,-0.17530530213773271,-0.16981822612248332)</Transform>
						<Name>right_mid2_leg2</Name>
					</Element>
					<Element index="17">
						<Transform rawdata="mtCBPj/kQjWHonc/SfNyPwU8Rr7Wt36+t8E/Pj8oez9GDEm9Q/WtvyqDMz7R5C0+">(0.25354462382201831,0.00000072602774162,0.96732369128974827,0.94902471892172147,-0.19358833314233723,-0.24874814601664696,0.1872624004078205,0.98108284934079049,-0.04908397012117888,-1.3590472909862239,0.17530503152575344,0.16981817612228034)</Transform>
						<Name>left_mid2_leg2</Name>
					</Element>
					<Element index="18">
						<Transform rawdata="T4YXP9lw0TMZV04/2y4CP0SeRr+5Mr++7RYgP5uDIT8fH+u+sExqv339kz8pfAw/">(0.59189311211809947,0.00000009752848022,0.80601651426813736,0.508527436765142,-0.77585245045942386,-0.37343384661443751,0.62534981401150636,0.63091439602857202,-0.45922179841454208,-0.91523262925691196,1.15617337904306194,0.54876951272018948)</Transform>
						<Name>left_forward_leg2</Name>
					</Element>
					<Element index="19">
						<Transform rawdata="GZcYv/jgnrOwjU0//zAHvZzIfz/6tsi8NmFNv51eKL0Vdhi/e3vxvKD4zb/V4a48">(-0.59605554725241106,-0.00000007398369578,0.80294320134715835,-0.0330057095830702,0.9991547972243191,-0.02450131258826198,-0.80226454971196792,-0.04110585339856386,-0.59555176189129766,-0.02947782572224199,-1.60914992070478058,0.0213479194556911)</Transform>
						<Name>right_back_leg</Name>
					</Element>
					<Element index="20">
						<Transform rawdata="gJZjPne3SrTfmHk/Dw8bv4ibSD/UYg0+EpdDv1kJH7/SVzI+mwc7PyiIvr8srdM9">(0.22225380200479164,-0.00000018879460417,0.97498890291896501,-0.60569853289947506,0.7836232053301414,0.13807230563780581,-0.76402390979460755,-0.62123640594227836,0.17416313275212233,0.73058477892067031,-1.48853016887679757,0.10335764362509954)</Transform>
						<Name>right_back_leg1</Name>
					</Element>
					<Element index="21">
						<Transform rawdata="lKV3P6B0i7RNuYE+cdSMvSNkdj+/bIY+n7V5vn31ir77WW4/rIBCPrnLvb+nCfO+">(0.96737027527099384,-0.00000025975623055,0.25336684505804125,-0.06876457508083129,0.96246546464632188,0.26254841609575119,-0.24385689191834289,-0.27140418081354656,0.93106051910724197,0.18994397062493718,-1.48277966956445617,-0.47468301382735206)</Transform>
						<Name>right_forward_leg1</Name>
					</Element>
					<Element index="22">
						<Transform rawdata="I8JSvmTuhzTjhHo/x/L+PmNhXL8vfNY9gKlXP1tDAj/7bjU+g2XJPYB/wz9VHD2+">(-0.20581869181850121,0.00000025319161619,0.9785902003686181,0.49794597964280918,-0.86086103260781011,0.10472904824502718,0.84243009648022671,0.50884025169659264,0.17718116549311613,0.09833815020239645,1.52732849976317508,-0.18467839075460943)</Transform>
						<Name>left_back_leg3</Name>
					</Element>
					<Element index="23">
						<Transform rawdata="Q0xWvUoLiTQ/pn8/l4L+PucHXr8/WNU8DrpdP/Pb/j6d3Dk9NQ8FvvRiwz+GoVi+">(-0.05231882102662259,0.00000025526451265,0.99863049214877919,0.49709005656210392,-0.86730809095442973,0.02604305636682375,0.86612020911272403,0.49777182983192042,0.04537640989613548,-0.12994081954765802,1.52645732629505382,-0.21155367036490141)</Transform>
						<Name>left_back_leg2</Name>
					</Element>
					<Element index="24">
						<Transform rawdata="KND2vRhc07NZIn4/wiRqP74Lx775ZeM9W5jFPtbcaz855z89ZDyZv68BOj9wCPO+">(-0.12051421251888644,-0.00000009842204801,0.99271160191716479,0.91462336817182421,-0.38876145631918629,0.11103433916862573,0.38592799713804221,0.92133844491618611,0.04685137078510725,-1.19715548459432264,0.72658817255705932,-0.47467376055757293)</Transform>
						<Name>left_mid_leg2</Name>
					</Element>
					<Element index="25">
						<Transform rawdata="EbsOPgq8IbRAgH0/iANSP/JfD7/jfey9pvkNP4gVVD/p35+9NTt1v+nebT+7R2C+">(0.13938548252769939,-0.00000015062701178,0.99023819723362405,0.82036635724419371,-0.56005775008912673,-0.11547448405165964,0.55459059418855283,0.82845356934778336,-0.07806379617021766,-0.95793467389050091,0.929182562434822,-0.2190236372639664)</Transform>
						<Name>left_mid_leg3</Name>
					</Element>
					<Element index="26">
						<Transform rawdata="tSg+v0ECcrSaZCs/9uokvypni76T+Ta/bak6PhVUdr9uGU8+HFOCP7F8/z4uXJw/">(-0.74280863690090693,-0.00000022538826611,0.66950379307765373,-0.64421021669273304,-0.27227145387124091,-0.71474572549651716,0.18228693220886302,-0.96222048170197971,0.20224544231970087,1.01816134927037938,0.49899819603783269,1.22156310866488771)</Transform>
						<Name>right_mid2_leg</Name>
					</Element>
					<Element index="27">
						<Transform rawdata="l6V3P3uxkzA7uYE+f9SMPSRkdr+8bIa+e7V5Pn31ij79WW6/roBCvqPLvT+ICfM+">(0.967370466058043,0.00000000107461002,0.25336632166758938,0.06876467600311471,-0.96246553099991683,-0.26254834214529627,0.24385635103915498,0.27140416512343452,-0.93106061837100185,-0.18994399645869095,1.48277702274851286,0.47468209606067979)</Transform>
						<Name>left_forward_leg1</Name>
					</Element>
					<Element index="28">
						<Transform rawdata="DZcYv+siO7O4jU0/AzEHPZzIf7/9tsg8P2FNP6FeKD0Jdhg/lHvxPKL4zT/64a68">(-0.59605487764798393,-0.00000004357108747,0.80294372479326914,0.0330057274368729,-0.99915479658477124,0.02450131726808258,0.80226512076601564,0.04110586894401466,0.5955510559702164,0.02947787107166001,1.60915016048655901,-0.02134798785150709)</Transform>
						<Name>left_back_leg</Name>
					</Element>
					<Element index="29">
						<Transform rawdata="q5ZjPoFFoTTcmHk/EA8bP4ibSL/VYg2+D5dDP1sJHz8GWDK+ngc7vzCIvj9TrdO9">(0.2222544335378579,0.00000030039156927,0.97498870084359213,0.60569856738585248,-0.78362322055232425,-0.13807232481645898,0.764023698742056,0.62123648268627429,-0.17416390655673339,-0.73058500403599069,1.4885310802543148,-0.10335793616687838)</Transform>
						<Name>left_back_leg1</Name>
					</Element>
					<Element index="30">
						<Transform rawdata="UsJSvi2qTrTghHo/x/L+vmNhXD8sfNa9falXv1pDAr8ybzW+qGXJvXN/w78qHD0+">(-0.20581939595714896,-0.00000019247154202,0.97858999394424517,-0.497945988797794,0.86086097794492689,-0.10472902602379,-0.84242991903660558,-0.50884022703759124,-0.17718198232413765,-0.09833842728526943,-1.52732699423836893,0.18467775059318078)</Transform>
						<Name>right_back_leg3</Name>
					</Element>
					<Element index="31">
						<Transform rawdata="Bk1WvdLrJ7Q+pn8/l4L+vucHXj9CWNW8Dbpdv/Pb/r593Tm90w8FPvFiw786llg+">(-0.05231954805236448,-0.00000015638877453,0.99863039453622271,-0.49709006220719765,0.86730808754897248,-0.02604306047669188,-0.8661201619558575,-0.49777183576556366,-0.04537724219733392,0.12994318219326373,-1.52645699502473753,0.21151056428189097)</Transform>
						<Name>right_back_leg2</Name>
					</Element>
					<Element index="32">
						<Transform rawdata="+boOPrPcULVBgH0/hwNSv/NfDz/ofew9qfkNv4gVVL+K3589Gjt1P97ebb/IR2A+">(0.13938511742121099,-0.00000077807198612,0.99023824862548615,-0.82036631322804932,0.5600578062734245,0.11547452425889286,-0.55459075106071998,-0.82845353136527466,0.07806308478604042,0.95793307635933356,-0.92918195923984093,0.21902382587514058)</Transform>
						<Name>right_mid_leg3</Name>
					</Element>
					<Element index="33">
						<Transform rawdata="bOnZPu9PE7UAqGc/myxhv1WKcD6A0NM+vapZvjvWeL9VwMw90Hy5PyZ6kb5zoDa/">(0.42560899200689206,-0.00000054878084321,0.90490723565008391,-0.87958687227483445,0.23490269611982989,0.41370009681993808,-0.21256537642323489,-0.9720188904313195,0.09997621701483658,1.4491214746673633,-0.28413505140717982,-0.71338574986041858)</Transform>
						<Name>left_forward_leg</Name>
					</Element>
					<Element index="34">
						<Transform rawdata="fv2dO88JpjM9/38/ou1bPpsGer9huIe63QV6P0nuWz7ETZq7QUurvoOD2j/zslE7">(0.00482147828147143,0.0000000773176133,0.99998837660603601,0.21477367994111948,-0.9766632962390891,-0.00103546315558894,0.97665194401676747,0.21477617600514037,-0.0047089774769154,-0.33455852148677578,1.7071383853870723,0.00319975319438924)</Transform>
						<Name>Hips</Name>
					</Element>
					<Element index="35">
						<Transform rawdata="AgKsPocngDX5HnE/TGNOP81dBL/pOpO+mlj5PqEfWz9U4DG+dwaLv0AgFj8gyGs+">(0.33595281442069946,0.00000095482473815,0.94187887344218857,0.80620264053596657,-0.51705631498830329,-0.28755882768744345,0.48700411587136117,0.8559513812885664,-0.17370730437030352,-1.08613482992920041,0.58642959133820161,0.23025560226764563)</Transform>
						<Name>left_mid2_leg3</Name>
					</Element>
					<Element index="36">
						<Transform rawdata="+AGsPvWYFzX6HnE/TGNOv85dBD/nOpM+oFj5vqEfW7804DE+WwaLPx0gFr/nx2u+">(0.33595252366004369,0.000000564744665,0.94187892101168158,-0.80620265796431823,0.51705632128493273,0.28755875036340223,-0.48700428759685144,-0.85595137748529493,0.17370683130870146,1.08613142129625317,-0.58642751046352848,-0.23025476122781369)</Transform>
						<Name>right_mid2_leg3</Name>
					</Element>
					<Element index="37">
						<Transform rawdata="bOnZPsjutjMAqGc/nCxhP0+KcL580NO+pqpZPjvWeD+bwMy96Xy5vzd6kT6GoDY/">(0.42560900084421321,0.00000008518469277,0.90490723149375019,0.87958695014316823,-0.2349026114007835,-0.41369997936470121,0.21256503651242961,0.97201891090507342,-0.09997674066132804,-1.44912446758620295,0.28413554013056747,0.71338687709834003)</Transform>
						<Name>right_forward_leg</Name>
					</Element>
					<Element index="38">
						<Transform rawdata="xKpDvMWjGTNU+38/EIC2PrMubz+Nf4s7VSpvv2WDtj4s0Da8bMTMvjC21b+7s4S7">(-0.01194256894343047,0.0000000357720352,0.99992868498059906,0.35644578268160559,0.93430630988720942,0.00425714851086055,-0.93423967966230648,0.35647120403329163,-0.0111580302709012,-0.39993606546494065,-1.66962244420464745,-0.00404974573192144)</Transform>
						<Name>Head1</Name>
					</Element>
					<Element index="39">
						<Transform rawdata="EbmyvJEBvjRn8H8/OO9jP9De6L4kK588odDoPhz9Yz/zkSI8p9fNv8ReCD/bpwe9">(-0.02181676269875665,0.00000035391397508,0.99976198613568068,0.89036894384832588,-0.45482493676582203,0.019429751165704,0.45471671610472242,0.89058086488304955,0.00992249200945808,-1.60814370853221522,0.5326960147686941,-0.03311906402524804)</Transform>
						<Name>main_jaw</Name>
					</Element>
					<Element index="40">
						<Transform rawdata="EbmyvJEBvjRn8H8/OO9jP9De6L4kK588odDoPhz9Yz/zkSI8qA/Kv8VeCD/cpwe9">(-0.02181676269875665,0.00000035391397508,0.99976198613568068,0.89036894384832588,-0.45482493676582203,0.019429751165704,0.45471671610472242,0.89058086488304955,0.00992249200945808,-1.57860273742315993,0.53269606408180903,-0.0331190658687513)</Transform>
						<Name>main_jaw1</Name>
					</Element>
					<Element index="41">
						<Transform rawdata="IANlP4LfNLVn0eQ+SdTevShMeL9QBF8+6u7dPmlMeb4oH16/bqD8O+ZAiD8M4i+/">(0.89457891606432849,-0.00000067380471366,0.44691012332739138,-0.10880333735682758,-0.96991205742499964,0.21778988969380703,0.43346339628910779,-0.24345554185754517,-0.86766289860443835,0.00770955424795947,1.06448055894068982,-0.68704295387092962)</Transform>
						<Name>left_mid_leg5</Name>
					</Element>
					<Element index="42">
						<Transform rawdata="IANlP4LfNLVn0eQ+SdTevShMeL9QBF8+6u7dPmlMeb4oH16/JoaHPeZAiD8M4i+/">(0.89457891606432849,-0.00000067380471366,0.44691012332739138,-0.10880333735682758,-0.96991205742499964,0.21778988969380703,0.43346339628910779,-0.24345554185754517,-0.86766289860443835,0.06617383732194182,1.06448057377593575,-0.68704297294672356)</Transform>
						<Name>left_mid_leg6</Name>
					</Element>
					<Element index="43">
						<Transform rawdata="nVglP0rcU7OMcEM/v5XmPh+2Tr9yFMO+m88dP5IEFz/vggW/3mkTv031kz/xkTQ9">(0.64588337979684285,-0.00000004932761871,0.76343608750320746,0.45036122093408237,-0.80746645409434625,-0.38101534902293061,0.6164490492984559,0.58991348985448744,-0.52152914022778196,-0.57583415656674752,1.155923530144086,0.04408449398479455)</Transform>
						<Name>left_mid_leg4</Name>
					</Element>
					<Element index="44">
						<Transform rawdata="llglPzppBrWScEM/vZXmviC2Tj9yFMM+o88dv5EEF7/mggU/3WkTP1H1k78xkjS9">(0.64588296343080931,-0.00000050072013669,0.76343643975748576,-0.45036116193361597,0.80746648412907018,0.3810153551105791,-0.61644952864905267,-0.58991344874310736,0.52152862013543799,0.57583407084228666,-1.1559239075354022,-0.04408473148772951)</Transform>
						<Name>right_mid_leg4</Name>
					</Element>
					<Element index="45">
						<Transform rawdata="GgNlPz/KErV80eQ+UNTePShMeD9TBF++/e7dvmxMeT4jH14/FKT8u9NAiL8H4i8/">(0.8945785638820769,-0.00000054683543555,0.44691074819471394,0.10880338997206079,0.96991204415614729,-0.21778993224164511,-0.43346397240516821,0.24345559472015557,0.86766263476740801,-0.00770998927021291,-1.06447824678374037,0.68704264395983361)</Transform>
						<Name>right_mid_leg5</Name>
					</Element>
					<Element index="46">
						<Transform rawdata="GgNlPyGcFrV80eQ+UNTePShMeD9RBF++/e7dvmtMeT4kH14/2YWHvcpAiL8H4i8/">(0.8945785638820769,-0.00000056106551733,0.44691074819469639,0.10880338997206081,0.96991205109079448,-0.21778990135867921,-0.43346397240516826,0.24345556709291599,0.86766264251927649,-0.06617326100668852,-1.06447716150907423,0.68704263987399639)</Transform>
						<Name>right_mid_leg6</Name>
					</Element>
					<Element index="47">
						<Transform rawdata="yzOvPmRohTWYi3A/mS+IPmSHdb+cYca9zrRmP37vkD5DCai+4njFvvdwkD+LORc8">(0.3421920383300357,0.00000099396534492,0.9396300383143078,0.26598815244292628,-0.95909713132048058,-0.09686586319660485,0.90119637796849483,0.28307718504294332,-0.32819566670605088,-0.38568790032133382,1.12844738264672517,0.0092300283445641)</Transform>
						<Name>left_mid2_leg4</Name>
					</Element>
					<Element index="48">
						<Transform rawdata="2TVoPrIDRTW2VHk/O4eWvs0OdL+MMYw9KLNtP/6Nmr6xYF2+66OnPqAHjz+2V0C+">(0.22676791615119379,0.00000073393597753,0.97394882422225171,-0.29400048132329648,-0.95335081856502812,0.06845388026299709,0.92851495905349579,-0.30186456688530383,-0.21618916270949562,0.32742248126812795,1.11742016203096162,-0.18783459678226641)</Transform>
						<Name>left_mid2_leg5</Name>
					</Element>
					<Element index="49">
						<Transform rawdata="2TVoPrIDRTW2VHk/O4eWvs0OdL+MMYw9KLNtP/6Nmr6xYF2+7Ju8Pp8Hjz+2V0C+">(0.22676791615119379,0.00000073393597753,0.97394882422225171,-0.29400048132329648,-0.95335081856502812,0.06845388026299709,0.92851495905349579,-0.30186456688530383,-0.21618916270949562,0.36837708399182056,1.11742010162790284,-0.18783459318747622)</Transform>
						<Name>left_mid2_leg6</Name>
					</Element>
					<Element index="50">
						<Transform rawdata="uzOvPhj8ejWbi3A/my+IvmSHdT+SYcY90bRmv3/vkL4zCag+xnjFPt1wkL+gOBe8">(0.34219155425089315,0.00000093499104065,0.9396302146049178,-0.2659882064183372,0.95909712396178592,0.09686578784373186,-0.90119654584652842,-0.28307720997522323,0.32819518422263499,0.385687044466132,-1.1284442739080156,-0.00922980907905808)</Transform>
						<Name>right_mid2_leg4</Name>
					</Element>
					<Element index="51">
						<Transform rawdata="vDVoPsZCfTW4VHk/OoeWPs0OdD+VMYy9KrNtv/6Nmj6SYF0+xqOnvoAHj7+RV0A+">(0.2267674865971567,0.00000094347011719,0.97394898228842552,0.29400045486544185,0.95335082225480117,-0.06845394658904828,-0.92851507233933583,0.30186455523165506,0.21618870531326126,-0.32742136941182703,-1.11741641155590221,0.18783404330824457)</Transform>
						<Name>right_mid2_leg5</Name>
					</Element>
					<Element index="52">
						<Transform rawdata="vDVoPsZCfTW4VHk/OoeWPs0OdD+VMYy9KrNtv/6Nmj6SYF0+vpu8vnsHj7+lV0A+">(0.2267674865971567,0.00000094347011719,0.97394898228842552,0.29400045486544185,0.95335082225480117,-0.06845394658904828,-0.92851507233933583,0.30186455523165506,0.21618870531326126,-0.36837570982587786,-1.11741578618808513,0.18783434306918637)</Transform>
						<Name>right_mid2_leg6</Name>
					</Element>
					<Element index="53">
						<Transform rawdata="7UjkPocHxLQpJWU/qKErv52dKT+8/Ko+n9IXv/i+P7+pQJc+laWEP4kkSb+jXF+/">(0.44586887631730954,-0.00000036513322765,0.8950982879725593,-0.67043542374850751,0.6625612643979566,0.33395944888944246,-0.59305757537923653,-0.74900772420532991,0.29541520165024254,1.03630314997120054,-0.78571370394155182,-0.87250727344418721)</Transform>
						<Name>left_forward_leg6</Name>
					</Element>
					<Element index="54">
						<Transform rawdata="7UjkPn+T1LQpJWU/qKErv52dKT+8/Ko+n9IXv/m+P7+oQJc++PKAP10kSb+JXF+/">(0.44586887631730954,-0.00000039595394266,0.89509828797254598,-0.67043542374850762,0.66256125289880685,0.33395947170326307,-0.59305757537923676,-0.74900773437729362,0.29541517585983035,1.00741483475175486,-0.78571113600961784,-0.87250571806475552)</Transform>
						<Name>left_forward_leg7</Name>
					</Element>
					<Element index="55">
						<Transform rawdata="9kjkPvlX5zMnJWU/qaErP52dKb+6/Kq+mtIXP/q+Pz+5QJe+eaWEv1skST+NXF8/">(0.44586915686313916,0.00000010772778015,0.89509814822629485,0.67043550188565315,-0.6625612494337193,-0.33395940006464436,0.59305727612894721,0.74900781702070229,-0.29541568027158105,-1.03629979526477323,0.78571098306309328,0.87250594798938774)</Transform>
						<Name>right_forward_leg6</Name>
					</Element>
					<Element index="56">
						<Transform rawdata="gnJ9vIAYijQp+H8/WuN/P8RrzrzvXX08c2XOPDHrfz9TOsw59z23v8v+HD8pQ6C8">(-0.01546919542105573,0.00000025722327764,0.99988034483780053,0.99956286598738464,-0.02519787031723933,0.01546429017321716,0.02519485923975484,0.99968248325726372,0.0003895336692952,-1.43157854396580575,0.61326285620114163,-0.01956327417735934)</Transform>
						<Name>Tail4</Name>
					</Element>
					<Element index="57">
						<Transform rawdata="l/Uuu38+bjTE/38/ep1oP37I1T7I+B47TMjVvrCdaD8gIpK6e6izv1FGrbvbt3e7">(-0.00266966757050369,0.00000022188213482,0.99999643643115732,0.90865289424031315,0.417545247470196,0.00242571716297689,-0.41754375898073853,0.90865613205161555,-0.00111490862023311,-1.403579136241629,-0.00528792346525786,-0.00377987959892461)</Transform>
						<Name>Tail5</Name>
					</Element>
					<Element index="58">
						<Transform rawdata="l/Uuu38+bjTE/38/ep1oP37I1T7I+B47TMjVvrCdaD8gIpK6zC6gv11Grbvbt3e7">(-0.00266966757050369,0.00000022188213482,0.99999643643115732,0.90865289424031315,0.417545247470196,0.00242571716297689,-0.41754375898073853,0.90865613205161555,-0.00111490862023311,-1.25142807835615866,-0.00528792918887844,-0.00377987965139604)</Transform>
						<Name>Tail6</Name>
					</Element>
					<Element index="59">
						<Transform rawdata="czkXvHj8aTQ2/X8/lbBNPwVlGL9eBvM7W2MYP9OyTT8aCrQ71NSAvxeUqT80BKO7">(-0.00923000534504173,0.0000002179166387,0.99995746219548154,0.80347565970274581,-0.59529140708043649,0.00741653072458564,0.59526605082649231,0.80350988833750314,0.00549436810598466,-1.00649495489363283,1.32483180291264802,-0.00497486610594073)</Transform>
						<Name>Tail3</Name>
					</Element>
					<Element index="60">
						<Transform rawdata="ffLpvbZfJTUCU34/Dj97P5TUHr63Hec9ccodPtvmfD+pJJE8z217v7WBlT8Aqra+">(-0.11423204463180547,0.00000061606565028,0.9934540963398435,0.98143091547214822,-0.15510780299057592,0.11284964523698625,0.15409256096268348,0.98789755007847713,0.01771767579202977,-0.98214431190268459,1.16802082220337033,-0.35676575773887331)</Transform>
						<Name>left_back_leg4</Name>
					</Element>
					<Element index="61">
						<Transform rawdata="DKo7O4naFDW7/38/RFRVP6mDDT+QZxy7g4MNv31UVT/Xas86g5a8v4TecD5tPn6+">(0.00286352913045976,0.00000055452304361,0.99999590009190109,0.83331703912511546,0.55279021039793419,-0.00238654393596401,-0.55278794533226727,0.83332045653991949,0.00158246877700664,-1.47334326600478005,0.23522383124910229,-0.24828501585785176)</Transform>
						<Name>left_back_leg5</Name>
					</Element>
					<Element index="62">
						<Transform rawdata="DKo7O4naFDW7/38/RFRVP6mDDT+QZxy7g4MNv31UVT/Xas86Qba1v4PecD5uPn6+">(0.00286352913045976,0.00000055452304361,0.99999590009190109,0.83331703912511546,0.55279021039793419,-0.00238654393596401,-0.55278794533226727,0.83332045653991949,0.00158246877700664,-1.41962450088013359,0.23522382187907565,-0.24828503132085386)</Transform>
						<Name>left_back_leg6</Name>
					</Element>
					<Element index="63">
						<Transform rawdata="BydWPKuPEDRn+n8/6ivhPsfoZb8kYLy7wONlP9Yw4T7iU0C8LkfQvnzT0T+RpwM8">(0.01307082795071271,0.00000013463310773,0.99991457307945297,0.43978815158371598,-0.8980831439362168,-0.00574876545171754,0.89800642268486097,0.43982572296038153,-0.01173874946987104,-0.40679304927133098,1.639266456897158,0.00803555648683888)</Transform>
						<Name>Tail2</Name>
					</Element>
					<Element index="64">
						<Transform rawdata="kmqsOt0K7jPy/38/2yezPvHQb7/WRPG549BvP+Unsz6FhaG6k2C/vpvp1T/vM0c7">(0.00131543189847226,0.00000011084714513,0.99999919442367646,0.34991344710769362,-0.93678192113427239,-0.00046018389599968,0.93678111059741787,0.34991374970979522,-0.0012323116813303,-0.37378368703796899,1.67119162146265299,0.00303959449862521)</Transform>
						<Name>Tail1</Name>
					</Element>
					<Element index="65">
						<Transform rawdata="j/LpvblCSLQCU34/Dj97v5bUHj64Hee9bModvtvmfL9cJpG8CG57P76Blb8NqrY+">(-0.11423217834396003,-0.00000018650724472,0.99345408096515453,-0.98143091205020705,0.15510781871932769,-0.11284965337831636,-0.15409248363366931,-0.98789754760911175,-0.01771848599836003,0.98214771874207418,-1.16802194080895116,0.35676612355219567)</Transform>
						<Name>right_back_leg4</Name>
					</Element>
					<Element index="66">
						<Transform rawdata="uLE7O708GrS7/38/RFRVv6mDDb97Zxw7g4MNP31UVb/Yhs+6hZa8P3necL6LPn4+">(0.00286398640444181,-0.00000014364463441,0.99999589878251727,-0.83331703755365849,-0.55279021278796581,0.00238653904851105,0.55278794533226727,-0.83332045495464402,-0.00158330335545443,1.47334345029719138,-0.23522367284062495,0.24828545920962669)</Transform>
						<Name>right_back_leg5</Name>
					</Element>
					<Element index="67">
						<Transform rawdata="uLE7O708GrS7/38/RFRVv6mDDb97Zxw7g4MNP31UVb/Yhs+6ZLa1P9PdcL6BPn4+">(0.00286398640444181,-0.00000014364463441,0.99999589878251727,-0.83331703755365849,-0.55279021278796581,0.00238653904851105,0.55278794533226727,-0.83332045495464402,-0.00158330335545443,1.41962862478404395,-0.23522119284537835,0.24828530913957689)</Transform>
						<Name>right_back_leg6</Name>
					</Element>
					<Element index="68">
						<Transform rawdata="cmfZPjDvCzOFxmc/fYbxvl6BWr+ojGI+LtRFP2xiBb/0j7m+cIoSP8j7xj/IBpa+">(0.42461734908647969,0.00000003258099862,0.9053729103826611,-0.47172918802988012,-0.85353650842797357,0.22123969341249375,0.77276883996149903,-0.52103304000858064,-0.36242639418780775,0.57242490731236151,1.55455873216174956,-0.29302048697199512)</Transform>
						<Name>left_up_jaw</Name>
					</Element>
					<Element index="69">
						<Transform rawdata="U2fZPl2JSDSNxmc/gobxPl+BWj+PjGK+NtRFv2tiBT/Yj7k+h4oSv9n7xr/DBpY+">(0.4246164279626104,0.00000018676424402,0.90537340822090573,0.47172933678784146,0.85353654534421408,-0.22123930694602201,-0.7727693324189806,0.52103297953376204,0.36242555091743378,-0.5724262610045967,-1.55456082478694868,0.29302035181022357)</Transform>
						<Name>right_up_jaw</Name>
					</Element>
					<Element index="70">
						<Transform rawdata="aAUJP8wfArVQPlg/8+hSvx8GYr4+pAU/Huw+Ppuveb9P9PG9ZCOqP5aiET80pVq/">(0.53523876563636641,-0.00000048475041617,0.84470083337887403,-0.82386702595653383,-0.22072647711695897,0.52203738061100102,0.18644759722478343,-0.9753357484985884,-0.11814175948343046,1.32920498666853937,0.56888711338081643,-0.85408328930515331)</Transform>
						<Name>left_low_jaw</Name>
					</Element>
					<Element index="71">
						<Transform rawdata="ZQUJPyd47jNSPlg/8+hSPxwGYj49pAW/Muw+vpuveT8F9PE9WyOqv5KiEb8npVo/">(0.53523856218109589,0.00000011104594265,0.84470094208204882,0.8238670201692101,0.22072643691478355,-0.52203732924419366,-0.18644788717445893,0.97533575759678348,0.11814120924253523,-1.32920402247288694,-0.5688868518403819,0.85408253053735561)</Transform>
						<Name>right_low_jaw</Name>
					</Element>
					<Element index="72">
						<Transform rawdata="6Tqkvqi5i7MSeXI/o/8ZvxO9Rb9QnFC+QEo7PwCXIr8/tX0+LgJDP1HEuj9rhU0+">(-0.32076193621570448,-0.0000000650646261,0.94715990583386489,-0.60155693312257186,-0.77241627137957536,-0.20372129213144882,0.73160169251261187,-0.63511660638663048,0.24776171439989972,0.76175201026026274,1.45911606371071167,0.20070426552114207)</Transform>
						<Name>left_up_jaw1</Name>
					</Element>
					<Element index="73">
						<Transform rawdata="6TqkvucktbMSeXI/o/8ZvxO9Rb9SnFC+QEo7PwGXIr8+tX0+HO0sP07Euj9jhU0+">(-0.32076193621570448,-0.00000008435182123,0.94715990583386322,-0.60155693312257175,-0.7724162672311603,-0.20372130786030829,0.73160169251261165,-0.6351166114318485,0.24776170146689933,0.67549300258968947,1.45911569676009445,0.20070414202491832)</Transform>
						<Name>left_up_jaw2</Name>
					</Element>
					<Element index="74">
						<Transform rawdata="CTukvquibDQMeXI/oP8ZPxO9RT9qnFA+O0o7vwCXIj98tX2+IwJDv1LEur+LhU2+">(-0.32076290000595875,0.00000022038391351,0.94715952298423245,0.60155677328008283,0.77241629157834923,0.20372167539367433,-0.73160140137961893,0.63511658182124486,-0.24776262227195545,-0.76175133319389876,-1.45911617298178253,-0.20070473166664998)</Transform>
						<Name>right_up_jaw1</Name>
					</Element>
					<Element index="75">
						<Transform rawdata="CTukvquibDQMeXI/oP8ZPxO9RT9qnFA+O0o7vwCXIj98tX2+Gu0sv1LEur+MhU2+">(-0.32076290000595875,0.00000022038391351,0.94715952298423245,0.60155677328008283,0.77241629157834923,0.20372167539367433,-0.73160140137961893,0.63511658182124486,-0.24776262227195545,-0.67549291109884524,-1.45911621646930389,-0.20070475192412768)</Transform>
						<Name>right_up_jaw2</Name>
					</Element>
					<Element index="76">
						<Transform rawdata="aAUJP8wfArVQPlg/8+hSvx8GYr4+pAU/Huw+Ppuveb9P9PG9pv+QP5iiET86pVq/">(0.53523876563636641,-0.00000048475041617,0.84470083337887403,-0.82386702595653383,-0.22072647711695897,0.52203738061100102,0.18644759722478343,-0.9753357484985884,-0.11814175948343046,1.13280173488296398,0.56888724309681371,-0.85408366044925899)</Transform>
						<Name>left_low_jaw1</Name>
					</Element>
					<Element index="77">
						<Transform rawdata="ZQUJPyd47jNSPlg/8+hSPxwGYj49pAW/Muw+vpuveT8F9PE9mf+Qv5GiEb8npVo/">(0.53523856218109589,0.00000011104594265,0.84470094208204882,0.8238670201692101,0.22072643691478355,-0.52203732924419366,-0.18644788717445893,0.97533575759678348,0.11814120924253523,-1.13280021960370525,-0.5688868405551295,0.8540824956553702)</Transform>
						<Name>right_low_jaw1</Name>
					</Element>
					<Element index="78">
						<Transform rawdata="QrN9vpkL/bTIBHg/ABZrv5Mso76teHC+PhaePq6mcr8VtaE9hozbP6q/Fj/33sA+">(-0.24775412416549042,-0.00000047133359984,0.96882294252291967,-0.91830443364202163,-0.31869943879127066,-0.23483533564507542,0.30876343875594608,-0.9478558264387611,0.07895866750203014,1.71522591638769084,0.5888620440132819,0.37670107590884844)</Transform>
						<Name>left_coat1</Name>
					</Element>
					<Element index="79">
						<Transform rawdata="nU4Av+so+bRihl0/GyQ3v5UGEL+HJtS+l0L5PoOkU7//XpA+MjXKP1xCjT+GzUY/">(-0.50119955021228402,-0.0000004640963533,0.86533178615522677,-0.7153946853466453,-0.5626004292347504,-0.41435644003909838,0.48683616858731754,-0.82672902225212819,0.28197475006962996,1.57974842715621477,1.10358762029373803,0.77657354809528922)</Transform>
						<Name>left_coat2</Name>
					</Element>
					<Element index="80">
						<Transform rawdata="WTspv5GQDrW5FUA//9YUvwnTIb/HIQO/DNjyPpNdRr+f89U+tcPGP619oj+cWYY/">(-0.66106182675497394,-0.0000005310949332,0.75033143423895998,-0.58140558302258138,-0.63212636385172483,-0.51223413411619612,0.4743045532540765,-0.77486531740897702,0.41787430004624121,1.55284748306557252,1.26946037989497795,1.04960967291335816)</Transform>
						<Name>left_coat3</Name>
					</Element>
					<Element index="81">
						<Transform rawdata="WTspv5GQDrW5FUA//9YUvwnTIb/HIQO/DNjyPpNdRr+f89U+xH3gP659oj+cWYY/">(-0.66106182675497394,-0.0000005310949332,0.75033143423895998,-0.58140558302258138,-0.63212636385172483,-0.51223413411619612,0.4743045532540765,-0.77486531740897702,0.41787430004624121,1.75383802352668861,1.26946040885967948,1.04960969474164734)</Transform>
						<Name>left_coat4</Name>
					</Element>
					<Element index="82">
						<Transform rawdata="oU4Av99ghzRfhl0/HiQ3P5IGED+DJtQ+hkL5voSkUz8RX5C+MTXKv1ZCjb98zUa/">(-0.50119978684507371,0.00000025216192667,0.86533159751992728,0.71539486161160515,0.56260024692904032,0.41435631301465137,-0.48683566595532562,0.82672907421677144,-0.28197530423516737,-1.57974821747032301,-1.10358688579522646,-0.77657296161427902)</Transform>
						<Name>right_coat2</Name>
					</Element>
					<Element index="83">
						<Transform rawdata="XjspvxVUgzS2FUA/BNcUPwfTIT/FIQM/+NfyvpRdRj+x89W+v8PGv6x9or+bWYa/">(-0.6610620945139507,0.00000024461828964,0.75033127777407016,0.5814058544283206,0.63212625195368954,0.5122340340144087,-0.47430397304113231,0.77486540869425879,-0.41787484633626504,-1.55284867956907813,-1.26946015820407965,-1.04960951420577531)</Transform>
						<Name>right_coat3</Name>
					</Element>
					<Element index="84">
						<Transform rawdata="RLN9vrikfzTIBHg/AhZrP4wsoz6heHA+Mhaevq+mcj9ntaG9dozbv5e/Fr/b3sC+">(-0.24775415243581628,0.0000002380864936,0.96882293529352081,0.91830454717294208,0.31869924119058568,0.23483515985908654,-0.30876307841500122,0.94785589287849448,-0.07895927901902104,-1.71522403160383474,-0.58886093821623831,-0.37670025019305459)</Transform>
						<Name>right_coat1</Name>
					</Element>
					<Element index="85">
						<Transform rawdata="XjspvxVUgzS2FUA/BNcUPwfTIT/FIQM/+NfyvpRdRj+x89W+2H3gv8B9or+lWYa/">(-0.6610620945139507,0.00000024461828964,0.75033127777407016,0.5814058544283206,0.63212625195368954,0.5122340340144087,-0.47430397304113231,0.77486540869425879,-0.41787484633626504,-1.75384046579899722,-1.26946254054219843,-1.04961072392308408)</Transform>
						<Name>right_coat4</Name>
					</Element>
					<Element index="86">
						<Transform rawdata="3i5pvyxbuDQoTNM+b8C/Pi4S1z7bnFM/44MxvqpRaD/w5sO+hyk/v6BkPb8XRMK/">(-0.91087137271334739,0.0000003433900604,0.41269039566498139,0.37451502112772894,0.42006057123750506,0.82661218046648477,-0.17335466916411335,0.90749606968377738,-0.38262130055660148,-0.74672743030048605,-0.73981665144906428,-1.51770290360524296)</Transform>
						<Name>right_up_wing7</Name>
					</Element>
					<Element index="87">
						<Transform rawdata="3C5pv10/OLQwTNM+b8C/vjIS177anFO/CoQxPqlRaL/s5sM+GDM6P8ZkPT8KZMM/">(-0.91087126034534838,-0.00000017159386358,0.41269064367853819,-0.37451502394060149,-0.42006070323373895,-0.82661211211533347,0.1733552535103782,-0.90749600858557367,0.38262118071758877,0.7273421226801654,0.73981894132730641,1.52649045967170438)</Transform>
						<Name>left_up_wing</Name>
					</Element>
					<Element index="88">
						<Transform rawdata="ESxavyRKDDTG7QU/LzkFP1Ds0T3jBVk/YaVbvdCmfj9p57K9Vaihv3zf573YU8G/">(-0.85223488683031556,0.00000013065487591,0.52315937370592425,0.52040379435440454,0.10250151397869063,0.84774607998277396,-0.05362451389857165,0.9947328483728981,-0.08735543936564852,-1.26294964065277293,-0.11321923443237521,-1.51037114917953774)</Transform>
						<Name>right_up_wing7_4</Name>
					</Element>
					<Element index="89">
						<Transform rawdata="VCg1v3Bq/rKM4TQ/nbc0Pw1GLr1V/jQ/i0X2PKjEfz8BpvY865r2v0IKSj5PQou/">(-0.70764660747839636,-0.00000002961789395,0.70656654246030892,0.70592671545552743,-0.04254727344865353,0.70700580064385443,0.03006245715984342,0.99909451441361885,0.03010845282685418,-1.92660278037984223,0.19730475361131411,-1.08796113704290009)</Transform>
						<Name>right_up_wing7_5</Name>
					</Element>
					<Element index="90">
						<Transform rawdata="VCg1v9xXTrOM4TQ/nbc0PxJGLr1V/jQ/i0X2PKjEfz8PpvY81KwTwEwKSj4+Qou/">(-0.70764660747839647,-0.00000004804301877,0.70656654246030792,0.70592671545552732,-0.04254729188523287,0.70700579953434961,0.03006245715984342,0.9990945136284809,0.03010847888022329,-2.30742347445504681,0.19730490689432437,-1.0879590865088804)</Transform>
						<Name>right_up_wing7_6</Name>
					</Element>
					<Element index="91">
						<Transform rawdata="KCZ1v7tspDMgfJM+1s2LPSu1eL/cYWg+n0iPPgmrcj5zKm4/BzyXvQmp6D+Eds6+">(-0.95761345423284794,0.00000007656623387,0.28805636995599954,0.06826369365044919,-0.97151438791403288,0.22693581075982691,0.27985092531816147,0.2369805774235865,0.93033524362057385,-0.07384496204962887,1.81765857447014856,-0.40324796502650084)</Transform>
						<Name>left_down_wing</Name>
					</Element>
					<Element index="92">
						<Transform rawdata="pA1/v91JHrTb9689iF+rvbN6aL6rZHi/Qs2fPLNQeb+anmc+y3AMP6pzkT6H2uM/">(-0.99630187009628357,-0.00000014741768663,0.08592196251614756,-0.08367830352613768,-0.22703055821885429,-0.9702860749046246,0.01950705415062899,-0.97388763501484787,0.22619095738678582,0.54859606935242,0.2840855776366602,1.78010643216745668)</Transform>
						<Name>left_down_wing1</Name>
					</Element>
					<Element index="93">
