<?xml version="1.0" encoding="utf-8"?>
<Resource>
	<Version>1</Version>
	<SSkinSkeletonData>
		<Root>
			<Sub/>
			<Entity type="SSkinSkeletonData">
				<Bones count="108" ordered="true">
					<Element index="0">
						<Transform rawdata="/ohgvWUsf7/+UHC9R0NxP5sMBL27aaq+8+SoPqCblr2t73A/ZFumv6nuLD7nxM0+">(-0.05481814535349892,-0.99677113033436104,-0.05867099012557995,0.94243281087258057,-0.03223858475883046,-0.33283792429602826,0.32987174466875707,-0.07353901947067687,0.9411571336802883,-1.29966404071475083,0.16887916167890901,0.40189287180927979)</Transform>
						<Name>Bip001 L Calf</Name>
					</Element>
					<Element index="1">
						<Transform rawdata="Tu7ovGUsf7/ZyZm9Fox/P5oMBL0xmEw9h9lVvZSblr3u9H4/w/eEv6ruLD5BuAM8">(-0.0284339447028168,-0.99677113709327314,-0.0750920216708766,0.99823128028541497,-0.03223858009425936,0.04994982793436844,-0.05220940383090703,-0.07353892990307619,0.99592485769761174,-1.03881113962728211,0.1688791761155263,0.00803953467840478)</Transform>
						<Name>Bip001 L HorseLink</Name>
					</Element>
					<Element index="2">
						<Transform rawdata="dYtgPV0sf7+AVnA9R0NxPx0NBD27aaq+5+SoPqGelj2n73A/ZVumv9PuLL7mxM0+">(0.05482049535003683,-0.99677069182214273,0.0586762441232367,0.94243279949857939,0.03223906666205693,-0.33283790982423112,0.3298713866324986,0.0735447517173502,0.94115681125343165,-1.29966409396288385,-0.16887979058723598,0.40189283565403144)</Transform>
						<Name>Bip001 R Calf</Name>
					</Element>
					<Element index="3">
						<Transform rawdata="re7oPF0sf7/YzJk9F4x/PxkNBD0wmEw9vNlVvZGelj3n9H4/w/eEv9PuLL4SuAM8">(0.0284341212205478,-0.99677070151114,0.07509773717021567,0.99823132466928999,0.03223905491300528,0.04994982355034145,-0.05220960073310452,0.07354462555011182,0.99592442695643502,-1.0388111149057444,-0.16887979043487372,0.00803949141626636)</Transform>
						<Name>Bip001 R HorseLink</Name>
					</Element>
					<Element index="4">
						<Transform rawdata="BYe1NQAAgL8ubyA23DBjPzN+0zME+Ou+AvjrPuc1ODbeMGM/RB06v42mFD7R8Nc+">(0.00000135248464957,-0.99999999999622791,0.00000239065733913,0.88746426914618659,0.00000009848408628,-0.46087657960742673,0.4608765246646831,0.00000274495114029,0.88746437493696961,-0.72700907964489547,0.14516658602083318,0.42175916643878653)</Transform>
						<Name>Bip001 L Foot</Name>
					</Element>
					<Element index="5">
						<Transform rawdata="QVBsvGUsf78FxaG9tgx5P50MBL39rWo+jYdsvpqblr1TXXg/LGXiv6ruLD7Aa7q+">(-0.0144234308275665,-0.99677113339360179,-0.07898906899170466,0.97285019881091273,-0.03223859224109387,0.22917934048497801,-0.2309858335845075,-0.07353897472461164,0.97017404422299114,-1.76871257518750458,0.16887917924627444,-0.36410332167974641)</Transform>
						<Name>Bip001 L Thigh</Name>
					</Element>
					<Element index="6">
						<Transform rawdata="7GHZNQAAgL8ulS423jBjP/X5fzQE+Ou+BPjrPncHTTbeMGM/Rh06v62mFL7P8Nc+">(0.00000161962594189,-0.99999999999530464,0.00000260148534505,0.88746437493973673,0.00000023839659959,-0.46087657960823686,0.4608765796054527,0.00000305517250159,0.88746437493595587,-0.72700914863164046,-0.14516707342461077,0.42175909437169196)</Transform>
						<Name>Bip001 R Foot</Name>
					</Element>
					<Element index="7">
						<Transform rawdata="jExsPF0sf78JyKE9tgx5PxwNBD37rWo+lIdsvqWelj1LXXg/LWXiv9PuLL7Aa7q+">(0.01442254684916661,-0.99677069001207608,0.0789948205595334,0.97285018847161575,0.03223906536429819,0.22917930415981716,-0.23098593232732828,0.07354477681851918,0.97017352307182081,-1.76871262004449936,-0.16887978998717185,-0.36410331097075899)</Transform>
						<Name>Bip001 R Thigh</Name>
					</Element>
					<Element index="8">
						<Transform rawdata="LvOPNQAAgD//gZM2P8N/v3k3qTUWVDC9FlQwvWPSkbY/w38/6SznP/2pJbZDSfc9">(0.00000107251048117,0.9999999999897623,0.00000439607472204,-0.99907296464367223,0.00000126076258715,-0.04304894094532886,-0.04304894095043053,-0.00000434582896497,0.999072964634796,1.80605808319708339,-0.0000024685861172,0.12074520246405429)</Transform>
						<Name>Bip001 Pelvis</Name>
					</Element>
					<Element index="9">
						<Transform rawdata="88gUtQAAgD+TNgU1zUhwvyRku7TvoLC+7qCwvuNcMLXOSHA/tD/nP7SiKTVrfjA/">(-0.00000055426715708,0.99999999999972333,0.00000049625779566,-0.93861084638409176,-0.00000034904325553,-0.34497781557236085,-0.34497779500981202,-0.00000065700278354,0.93861090232959499,1.80663159025440323,0.00000063194167556,0.68942898437056999)</Transform>
						<Name>Bip001 Spine</Name>
					</Element>
					<Element index="10">
						<Transform rawdata="DiAdtQAAgL9Sic21GExWP6+yujSaCwy/nAsMPzcI17UWTFY/bUasv308UrUSspM/">(-0.00000058533706034,-0.99999999999865641,-0.00000153136562065,0.83709861449818346,0.00000034775208494,-0.54705202841096523,0.54705212623129373,-0.000001602113961,0.83709846481197625,-1.34589922860793854,-0.00000078319118302,1.15387179835515963)</Transform>
						<Name>weiba01</Name>
					</Element>
					<Element index="11">
						<Transform rawdata="Lhr/NQAAgL+p3Qc2HoRCP+JlCTSDbia/gm4mP6IoOjYghEI/tdUYv83AAT5si78+">(0.00000190065999864,-0.99999999999614442,0.00000202455907609,0.75982845521605402,0.00000012796183535,-0.65012378715402297,0.65012370965045785,0.00000277398121031,0.7598285457919941,-0.59701093322551668,0.12671203433658945,0.3741105756726758)</Transform>
						<Name>Bip001 L Toe21</Name>
					</Element>
					<Element index="12">
						<Transform rawdata="8hoAtgAAgL/tTwc22JIxP8e4CTSWZjg/lGY4v5IiOjbakjE/rS72vs3AAT598RK/">(-0.00000190891701756,-0.99999999999614531,0.00000201630900651,0.69364689368794252,0.00000012826340538,0.72031532847340363,-0.72031519966846769,0.00000277362817165,0.69364701771877602,-0.48082487107280852,0.12671203803139788,-0.57399729081097706)</Transform>
						<Name>Bip001 L Toe2</Name>
					</Element>
					<Element index="13">
						<Transform rawdata="b3Glvu/wZb+vlJg+gidhP2HULL4K0OM+4N6yvj3Pzz5uMlg/fhIev0Qqhz7StdG+">(-0.32313105697586325,-0.89820758098649767,0.29800936029794656,0.87950909773558905,-0.16877891745841425,0.44494659749146931,-0.34935664730757832,0.40587798374542355,0.84451949946356786,-0.61746969808459495,0.26399434076276607,-0.40959031736519308)</Transform>
						<Name>Bip001 L Toe1</Name>
					</Element>
					<Element index="14">
						<Transform rawdata="avC7PkfHFr9YUDi/GDptPw8mKD6hHa0+N7ilvQOSSr/rJhs/Fi88vz7Qib1xBU2+">(0.36706858099601614,-0.58897824758804529,-0.71997596061313307,0.92666767074332046,0.16420768612691658,0.3381166672299975,-0.08091776593999732,-0.79129045166377399,0.60606258314614292,-0.73509344530907805,-0.06729172414340123,-0.20021607383595247)</Transform>
						<Name>Bip001 L Toe3</Name>
					</Element>
					<Element index="15">
						<Transform rawdata="7hELvj/HFr+m8Uu/RPJxPwsmKD4xppC+ZyyYPgmSSr+7ygg/K70kvz3Qib2TS2s+">(-0.13581057864866738,-0.58897775296582211,-0.79665601889883775,0.94510295361766683,0.16420761961928715,-0.28251793559246841,0.29721374968122993,-0.79129083362541153,0.53434345025472585,-0.64351145172406643,-0.06729171417022352,0.22978047946722457)</Transform>
						<Name>Bip001 L Toe31</Name>
					</Element>
					<Element index="16">
						<Transform rawdata="wCZKve3wZb9Do98+oct0P17ULL58w3S+aauTPkPPzz5wAl4//VAxv0Mqhz5lVWw9">(-0.04935336293047819,-0.89820750964641494,0.43679246460441634,0.95623215284312424,-0.16877885981483115,-0.23902696996113343,0.28841711919675733,0.40587816559121737,0.86722470497248927,-0.69264204731397205,0.26399430057088141,0.05769862723529937)</Transform>
						<Name>Bip001 L Toe11</Name>
					</Element>
					<Element index="17">
						<Transform rawdata="B2FIv8sNAL8FmL0+khT+Ppj5Eb7BPFs/ZE3AvpOlWj8jObg+BlaFvseSXT6s1jq/">(-0.78273052371634422,-0.50021047427052168,0.37030043028978138,0.49625069153067436,-0.1425536822680549,0.85639576063123168,-0.37559043970535905,0.85408894683275127,0.35981091214700089,-0.26042194384093187,0.21638022626983827,-0.72983813493012228)</Transform>
						<Name>Bip001 L Toe0</Name>
					</Element>
					<Element index="18">
						<Transform rawdata="xs95vsYNAL8jsVQ/wzd4P5v5Eb7Kpks+3UqbPJalWj9gEAU/Sg0xv8OSXT5MPKS+">(-0.24395665249321519,-0.50021014340009773,0.83082787877150466,0.96960084529213386,-0.14255372715347334,0.19887844449168546,0.01895659550351772,0.85408913312037082,0.51978110794122689,-0.69160902217843678,0.21638017008082419,-0.32077251794452755)</Transform>
						<Name>Bip001 L Toe01</Name>
					</Element>
					<Element index="19">
						<Transform rawdata="lpoONgAAgL/lPxE2IoRCP/rJXjSAbia/gG4mPyoTSzYihEI/uNUYv+zAAb5ki78+">(0.00000212496295311,-0.9999999999953999,0.00000216438744491,0.75982870043615802,0.00000020748839357,-0.65012360641759515,0.65012360641415567,0.00000302605119589,0.7598287004331038,-0.59701110641703981,-0.12671249802019605,0.37411035304979567)</Transform>
						<Name>Bip001 R Toe21</Name>
					</Element>
					<Element index="20">
						<Transform rawdata="npYItgAAgL/r4xY21pIxP+EcXzSZZjg/mWY4vx0NSzbWkjE/py72vu3AAb5+8RK/">(-0.00000203532504798,-0.99999999999540101,0.00000224844072297,0.69364676442509166,0.00000020778999668,0.72031548964407255,-0.72031548964122694,0.00000302569906963,0.69364676442147866,-0.48082469039991438,-0.12671251499093159,-0.57399740549984402)</Transform>
						<Name>Bip001 R Toe2</Name>
					</Element>
					<Element index="21">
						<Transform rawdata="NnGlPhPxZb8NlJi+gydhP3HULD4L0OM+HN+yvpTOz76KMlg/fRIev1Aqh77ZtdG+">(0.32312936521858132,-0.89820975298897177,-0.29800452854947052,0.87950913823353094,0.16877915416526879,0.44494663108051641,-0.3493584513301064,-0.40587293178376305,0.84452118675183541,-0.61746963228441076,-0.26399469000512266,-0.40959050040933653)</Transform>
						<Name>Bip001 R Toe1</Name>
					</Element>
					<Element index="22">
						<Transform rawdata="b/C7vvvGFr+WUDg/HDptP/8lKL6ZHa0+HbelvTuSSj+lJhs/GS88vwzQiT1cBU2+">(-0.3670687499664555,-0.58897369254602228,0.7199796372122973,0.9266679155750237,-0.16420744267802143,0.33811643261289065,-0.08091566881962158,0.79129381727513093,0.60605844471915693,-0.73509368097750283,0.06729135235732371,-0.20021576390208562)</Transform>
						<Name>Bip001 R Toe3</Name>
					</Element>
					<Element index="23">
						<Transform rawdata="dBILPvrGFr/T8Us/QvJxPwAmKL5BppC+VCyYPjySSj91ygg/Kb0kvw/QiT2zS2s+">(0.13581258460684859,-0.58897366590491129,0.7966587200600429,0.94510283884388402,-0.16420745840939968,-0.28251842439347991,0.29721319802616325,0.79129383384003138,0.53433927616182331,-0.64351134756110229,0.06729137449144461,0.22978095035128837)</Transform>
						<Name>Bip001 R Toe31</Name>
					</Element>
					<Element index="24">
						<Transform rawdata="5yhKPRTxZb+Zot++oct0P3bULD55w3S+ZKuTPo/Oz76aAl4//VAxv1Mqh745VWw9">(0.04935541430467492,-0.89820979825670177,-0.43678739075021195,0.95623215355956692,0.1687792247421154,-0.23902691607917678,0.28841697244834341,-0.40587280225595995,0.86722720660770314,-0.69264204556274567,-0.263994770297799,0.0576984610316628)</Transform>
						<Name>Bip001 R Toe11</Name>
					</Element>
					<Element index="25">
						<Transform rawdata="5mBIPx8OAL+0l72+jhT+Pqz5ET7CPFs//U3AvmGlWr9xObg+/VWFvtuSXb6u1jq/">(0.78272856672313473,-0.5002154611370746,-0.37029802773636938,0.49625055682083097,0.14255399197936633,0.85639582141660309,-0.37559501342427903,-0.85408597448393364,0.35981324004924681,-0.2604216524003542,-0.21638052801338878,-0.72983827006837809)</Transform>
						<Name>Bip001 R Toe0</Name>
					</Element>
					<Element index="26">
						<Transform rawdata="4895Ph4OAL/ssFS/xDd4P6P5ET7cpks+nkebPGKlWr+3EAU/Sg0xv9OSXb5ZPKS+">(0.24395708122631704,-0.50021542870797553,-0.83082462883455077,0.96960089062055521,0.14255384746246427,0.19887871263660581,0.01895504803433796,-0.85408601759784408,0.51978631474023806,-0.69160905378725002,-0.21638040781490347,-0.32077291396831958)</Transform>
						<Name>Bip001 R Toe01</Name>
					</Element>
					<Element index="27">
						<Transform rawdata="rylQNQAAgL/NcLC1ohVOP/kWJ7RP3xc/Td8Xv8DIy7WjFU4/GXnbv3RzJDXx2fC/">(0.00000077546693271,-0.99999999999883538,-0.00000131458515732,0.80501756409880976,-0.00000015561444804,0.59325114800763823,-0.59325107728609983,-0.00000151831042722,0.80501766006334041,-1.71463311661481432,0.00000061262766014,-1.8816510662792445)</Transform>
						<Name>zuiba02</Name>
					</Element>
					<Element index="28">
						<Transform rawdata="d7lBtgAAgD+cfKu14HkNvzCFMrb7WlW/+1pVvwwj5LXgeQ0/T1fZP7mm2jZnRPc/">(-0.00000288671956235,0.9999999999950171,-0.00000127767592743,-0.55264091053768227,-0.00000266015926667,-0.83341952628574589,-0.83341947660931726,-0.00000169975236095,0.55264094348257464,1.6979769959676061,0.00000651631515062,1.9317749610764654)</Transform>
						<Name>Bip001 Head</Name>
					</Element>
					<Element index="29">
						<Transform rawdata="BfzbtQAAgD8BNhU0i5tGv+LlnrX2hiG/9IYhv8RFmbWOm0Y/MvnPP2luHzbNsqQ/">(-0.00000163901192082,0.9999999999986473,0.00000013896352744,-0.77581091459816232,-0.00000118388216555,-0.63096558318729712,-0.6309654703608405,-0.00000114196932959,0.77581105332487998,1.62479233744922946,0.00000237571124836,1.28670657102984443)</Transform>
						<Name>Bip001 Spine1</Name>
					</Element>
					<Element index="30">
						<Transform rawdata="BfzbtQAAgD8BNhU0i5tGv+LlnrX2hiG/9IYhv8RFmbWOm0Y/oaHzP9FyHzbVtaQ/">(-0.00000163901192082,0.9999999999986473,0.00000013896352744,-0.77581091459816232,-0.00000118388216555,-0.63096558318729712,-0.6309654703608405,-0.00000114196932959,0.77581105332487998,1.90337007726756902,0.00000237596773426,1.28679903627955272)</Transform>
						<Name>Bip001 Spine2</Name>
					</Element>
					<Element index="31">
						<Transform rawdata="/kFuv9ropz5r7iW+0hefvvc3875pwlI/QKZFPuQKUT+sRAs/L5o/Pwc+Xj8sLfG/">(-0.9306944542783524,0.32794839630086353,-0.16204230244341908,-0.31072860736157248,-0.47503635321815169,0.82327896213237495,0.19301700791033402,0.81657244069556578,0.54401658313793655,0.74844639513154176,0.86813397359395506,-1.88419106355847599)</Transform>
						<Name>chibang24</Name>
					</Element>
					<Element index="32">
						<Transform rawdata="G7T8tQAAgD8H2BKziaw8v5NYvbXFBi2/wgYtv5Vqp7WMrDw/VF/3P2/BSDYe18U/">(-0.00000188278809949,0.99999999999822697,-0.00000003418974853,-0.73700768933127625,-0.00000141073761745,-0.67588451949519601,-0.67588435835061911,-0.00000124734892499,0.73700786504899363,1.93259666988673806,0.00000299149152963,1.54562730656553682)</Transform>
						<Name>Bip001 Neck1</Name>
					</Element>
					<Element index="33">
						<Transform rawdata="N0Jcv3wi4TUJeAK/G3ukvnW8Rj/21go/4pHKPnVeIT9U/Sq/4zlMP70//L+1m5C/">(-0.86038536122613474,0.00000167738428549,-0.50964411413670363,-0.32125172127007107,0.77631313695682458,0.54234253198804427,0.3956442363649319,0.63034754905110968,-0.66792799952582949,0.79775826478807788,-1.97069510388943803,-1.12975177943349614)</Transform>
						<Name>Bip001 L Clavicle</Name>
					</Element>
					<Element index="34">
						<Transform rawdata="eB1bv6arAr8aqqk913/zvkLQNj/6fwO/KuhPPmBH9b5Pnlq/vYCtP+cVyb/CXKo/">(-0.85591841825825565,-0.51043165610293406,0.08284397645427574,-0.47558472161576237,0.71411528757486831,-0.51367152781500125,0.2030340706678162,-0.47906016540862889,-0.85397807716986873,1.35549129943830127,-1.57098093539397765,1.33095577949879629)</Transform>
						<Name>Bip001 L UpperArm</Name>
					</Element>
					<Element index="35">
						<Transform rawdata="1RkSvxXjEb8rWhe/G8I6vwuwLj9RYD49D//APklp6j6mH06/ZCnoP68z878n/Yk+">(-0.57070668048719952,-0.56987125153906537,-0.59121959442013816,-0.72952433354108359,0.68237367404468308,0.0464785721550544,0.37694595213109744,0.45783452120069795,-0.80517039930857892,1.81376316025486206,-1.90001474598241105,0.26950951609570223)</Transform>
						<Name>erduo05</Name>
					</Element>
					<Element index="36">
						<Transform rawdata="It3RvlTOHr+YMCu/IBRNvxRsGD+uEXu9LFLfPsm0Aj+tsT2/pOIHQIPF1b/d0w4/">(-0.40989024027872323,-0.62033584613916903,-0.66871023026942022,-0.80108834584078603,0.59539915311850922,-0.06129615797446884,0.43617378680019753,0.51057106226614124,-0.74099233961574096,2.12320815850739253,-1.67009009497232319,0.55792028167840946)</Transform>
						<Name>erduo06</Name>
					</Element>
					<Element index="37">
						<Transform rawdata="MlAVtgAAgD/a4Yu0OkQov8Cj3rVZ7kC/WO5Av/MRyrU7RCg/lkHuP7J6dza5vOE/">(-0.00000222494100197,0.9999999999974909,-0.00000026055097607,-0.65729105548627809,-0.00000165879460729,-0.75363691774570241,-0.753636827903722,-0.00000150553967334,0.65729113384352855,1.86137652489269279,0.00000368772854873,1.76357182800042489)</Transform>
						<Name>Bip001 Neck2</Name>
					</Element>
					<Element index="38">
						<Transform rawdata="2jtJvgqQeT5sIXM/3aQ1PzEWIr/VW54+RzwtP5oSPD/yqEa9TPLKv54PoT/ml1W/">(-0.19651738449096956,0.24371353235177939,0.94972872469267633,0.70954688713758141,-0.63315113878233553,0.30929436788607384,0.67670100617296092,0.73465882423467321,-0.04850096377987651,-1.58551937315389102,1.25828906938234453,-0.83434904008242183)</Transform>
						<Name>chibang31</Name>
					</Element>
					<Element index="39">
						<Transform rawdata="0VVDvxwKyj7WDQM/Ld6SPprFAL+dtlA/PkgUP+TYRD/Njoo+uZkRv5eDbD+Mgfu/">(-0.76302819581133341,0.39460836567536367,0.51192986314393396,0.28685131344619857,-0.5030151468745292,0.81528644526922778,0.57922732702376201,0.7689344823666292,0.27062074747358716,-0.56875184928983125,0.92388292994623422,-1.9648909960297134)</Transform>
						<Name>chibang25</Name>
					</Element>
					<Element index="40">
						<Transform rawdata="BtZXvvyPeT62WHI/x240PzUWIr/OzaM+EWctP5oSPD9H9By9eCe5v6IPoT/VL1u/">(-0.21077737726723755,0.24371331862267248,0.94666611965154823,0.70481534532690115,-0.63315133402453327,0.31992955443300725,0.67735392922265225,0.73465880800330841,-0.03831890009092067,-1.44651700186265675,1.25828962500979813,-0.85619857975820102)</Transform>
						<Name>chibang32</Name>
					</Element>
					<Element index="41">
						<Transform rawdata="OUIQPiG2nr4HtHA/aJhQP/HMAL9db5O+m/QPPyKETj95EDo+9TLovzeSdj+1pUU/">(0.1408776169529444,-0.3099832857220996,0.94024699315267324,0.81482555294727232,-0.50312713536490128,-0.28795901524590106,0.56232612383035574,0.80670367895109285,0.1817034701951678,-1.81405512203588781,0.96316855166877091,0.7720597603756657)</Transform>
						<Name>chibang22</Name>
					</Element>
					<Element index="42">
						<Transform rawdata="A7MRPsWqs77h72w/iiksP33dJr9kd7O+lO05PyMcLD+5rxI+4byyv8p3oj8QmGY/">(0.14228443240210026,-0.35091224146361455,0.92553528191317858,0.67250880939269808,-0.65181714208728558,-0.35052024272210225,0.72628138996101232,0.67230432448872512,0.14324845753177159,-1.39638911923547004,1.26928062393526853,0.9007577943392584)</Transform>
						<Name>chibang23</Name>
					</Element>
					<Element index="43">
						<Transform rawdata="Sl9APw+TKT6PfyO/rf6WPjYXSD9Dtgw/xhcXP8r0Gb9G2wk/oMoYvyjezr/3+ri/">(0.75145400068345158,0.16560004627101488,-0.63866515770894405,0.29491178678704294,0.78160419217482058,0.54965610413737587,0.59020647611863153,-0.60139141219266201,0.53850209533124771,-0.59684182825272603,-1.6161546398755835,-1.44515886755204837)</Transform>
						<Name>chibang16</Name>
					</Element>
					<Element index="44">
						<Transform rawdata="a0JcP/xl3rW1dwI/+3qkvna8Rr/+1go/JZHKPnJeIb+O/Sq/wDlMP70//D+8m5C/">(0.86038844718609564,-0.00000165699700238,0.50963907751176585,-0.32125075501480155,-0.77631318127617077,0.54234299735109559,0.39563861132318789,-0.6303473999106568,-0.66793146469166309,0.79775619255378649,1.9706951096839469,-1.12975262625939377)</Transform>
						<Name>Bip001 R Clavicle</Name>
					</Element>
					<Element index="45">
						<Transform rawdata="yRkSPw/jET8/Whe/HMI6vwqwLj9pYD69If/APmxp6j6bH04/5CHoPy47878C3om+">(0.57070593416474347,0.56987089226350318,-0.59122079932036542,-0.72952439645127032,0.68237362447551975,-0.0464786617965941,0.37694648595393637,0.45783556302557027,0.80516973148231319,1.81353422854946378,-1.90024352473188163,-0.26927191233371406)</Transform>
						<Name>erduo01</Name>
					</Element>
					<Element index="46">
						<Transform rawdata="+tzRPlLOHj+qMCu/KBRNvwhsGD+tEXs9KVLfPt60Aj+isT0/+d8HQJ3N1b9Ewg6/">(0.40988903091729795,0.62033568705481956,-0.66871130223762565,-0.80108878892809565,0.59539843721463914,0.06129615306613662,0.43617369953822155,0.51057232387787477,0.74099169437657819,2.12304510330428631,-1.67033736360073948,-0.55765174021364494)</Transform>
						<Name>erduo02</Name>
					</Element>
					<Element index="47">
						<Transform rawdata="oy23PoaFJj9KhCu/d2BYv//UBz/Tp4I9LULLPmkgCz8oWD0/iSYaQJ8nvr/GlRC/">(0.35777005846605575,0.65047489618466803,-0.66998731394085398,-0.84522193283075575,0.53059382219532258,0.06379666102882466,0.39698925618590292,0.54346330774318818,0.73962640814029523,2.40860204018255342,-1.48558418835797124,-0.56478538906739018)</Transform>
						<Name>erduo03</Name>
					</Element>
					<Element index="48">
						<Transform rawdata="AUZGPv/ZSz+BtRK/qh57v93cFj5RwgG+RPWGvIcxFj+vRE8/fjRCQJstkr4LFPw8">(0.19362641803981273,0.7962950837763022,-0.5730820196770362,-0.98093663912580664,0.14732690735732956,-0.12671782815389354,-0.01647437410905104,0.58669320937114722,0.80964179065156405,3.03445389084845552,-0.28550419385803222,0.03077127525031123)</Transform>
						<Name>erduo04</Name>
					</Element>
					<Element index="49">
						<Transform rawdata="xS23voiFJr89hCu/cWBYvwvVBz/Up4K9M0LLPlggCz8yWD2/4CgaQB4fvr9upxA/">(-0.35777105813641841,-0.6504750422633836,-0.66998654585192929,-0.84522156465784681,0.53059450434950406,-0.06379667043426362,0.39698943942617732,0.54346224754767092,-0.7396270225108077,2.40874485571453523,-1.4853246024947242,0.565054766446066)</Transform>
						<Name>erduo07</Name>
					</Element>
					<Element index="50">
						<Transform rawdata="cU0Zv0N5Sz8vP8k9eHfUPv9l0z6HjU+/elovv/Oz476muxO/iB8tv76YVr/57hJA">(-0.59883789415915967,0.79481904440020856,0.09826504745382034,0.41497396180753082,0.41288753556151947,-0.81075330800318868,-0.68497429699280343,-0.44473228807373133,-0.57708201328537323,-0.67626239427833656,-0.83826816252603353,2.29583569416001421)</Transform>
						<Name>yanjing06</Name>
					</Element>
					<Element index="51">
						<Transform rawdata="E8uBvlJ5Sz/vJQ0/g0Dhvull0z6XJ0y/Xotcv8iz477D43o+iVHDP+L0Vr9FNew/">(-0.25350246466818177,0.79481993756098257,0.55136007762860739,-0.43994531346337368,0.41288690248097448,-0.79747909025647457,-0.86150158397807719,-0.44473101152856709,0.24500947377277252,1.52592579354267111,-0.83967408959207179,1.84537570487502545)</Transform>
						<Name>yanjing05</Name>
					</Element>
					<Element index="52">
						<Transform rawdata="gU0ZPzd5S7+lPsk9kHfUPgRm0z5/jU8/ZVovvw604760uxM/Egwtv8iyVr8o7hLA">(0.59883887529356894,-0.79481836505230863,0.09826401435635782,0.41497469609216414,0.41288770571384364,0.81075283310955892,-0.68497308140513813,-0.44473307617708613,0.57708285638555534,-0.67596540694005358,-0.83866548426482013,-2.29578585768908461)</Transform>
						<Name>yanjing03</Name>
					</Element>
					<Element index="53">
						<Transform rawdata="lj9ev9jk+D4lr8w9/+8uvjmu9r4WBlw/CpLuPvukOj/GVgA/dc5WPwZRVD+yYOq/">(-0.86815776207316864,0.48612095183250142,0.09994343369473664,-0.17083739409090468,-0.48179796997979008,0.85946787907759159,0.46595794246008593,0.72907989544410068,0.50132404496312033,0.83908780181011455,0.82936134738590594,-1.8310759277872557)</Transform>
						<Name>chibang26</Name>
					</Element>
					<Element index="54">
						<Transform rawdata="D9/1Ptbn3j5R8EI/pq5ePzc8sr7k9bK+MD3nPbKJVD9Gvgu/a/oAwIUhHz8rNXK9">(0.4802174328806561,0.43536252243827922,0.76147945840699116,0.86985241180603134,-0.34811564065750511,-0.34953224644138581,0.11290967575658373,0.8302260730751343,-0.545872111699374,-2.0152844060469377,0.62160519756342458,-0.05913273725009996)</Transform>
						<Name>chibang30</Name>
					</Element>
					<Element index="55">
						<Transform rawdata="B5LZvny7Dj8ckDY/gwsiP1Kjwr40pSw/6qglP7TsPD/C+EO+7L5Vv7nyCz8Q4AnA">(-0.42494221552203731,0.55754828607619333,0.71313642609497763,0.63298812647533964,-0.38015227141635871,0.67439581045879582,0.64710869903863455,0.73798679992154781,-0.19137861672211928,-0.83494448926155951,0.54667241375812425,-2.15430059423394926)</Transform>
						<Name>chibang27</Name>
					</Element>
					<Element index="56">
						<Transform rawdata="p0D4Ptfn3j7JLkI/ZiFePzY8sr66rrW+tmTgPbKJVD/i6gu/+NMPwIUhHz+IsD+9">(0.48486826877449063,0.4353625394498295,0.75852637652913679,0.86769711975322739,-0.34811563594409445,-0.35484867860946995,0.1095670896980961,0.83022606613078542,-0.5465527540687678,-2.24731262516483987,0.62160523702385961,-0.04679921234135861)</Transform>
						<Name>chibang29</Name>
					</Element>
					<Element index="57">
						<Transform rawdata="H4advrnaBD+GKUw/lfhIP2mYq76eXAU/W6IJP5NOST+OzJu+Bl1Gv4lPCT+hNQLA">(-0.30766390039361929,0.5189624364492097,0.79750861505361337,0.78504304374979694,-0.33514716417130691,0.52094445875731077,0.53763358062685418,0.78635519144463661,-0.30429500373055773,-0.77485689618750075,0.53636985894603062,-2.03452323953027925)</Transform>
						<Name>chibang28</Name>
					</Element>
					<Element index="58">
						<Transform rawdata="Ar1aP88B1z7knpy+o0sRvm1JQT9u4SM/GeT/PnzqAL8naDQ/HHtEP2Batr8wfrq/">(0.85444651032246344,0.41993566458397735,-0.305899725938512,-0.14189009068471864,0.75502663122611691,0.6401585381080187,0.49978712575597362,-0.50357792952145575,0.70471424374679092,0.76750348384449907,-1.42463306022023883,-1.45697588482129059)</Transform>
						<Name>chibang17</Name>
					</Element>
					<Element index="59">
						<Transform rawdata="xNCivj4AKb+GNC4/MCVwP+x2pb6psf89RssMPqGULT+91zg/w8gAwEMvvz5Llvk+">(-0.31799901633732458,-0.66015992485702213,0.68048896473941278,0.93806745235888966,-0.3231729408436011,0.12485057828850263,0.13749418141672937,0.67804913341073614,0.72204188200525965,-2.01225345578761994,0.37340746092205462,0.48747476254579319)</Transform>
						<Name>chibang21</Name>
					</Element>
					<Element index="60">
						<Transform rawdata="BdjVPqtlZD4SfGG/mI8eP62tIz9dRek+yS4qP/xfPL9W/AM+P/NLv1xztL/Y39u/">(0.41766372091047393,0.22304407837088386,-0.88079939092811088,0.61937857667930563,0.63936885299418178,0.45560731187600623,0.66477640739068344,-0.73583957613671258,0.12889227367828751,-0.79668036657024111,-1.40977049699717893,-1.71776864441929034)</Transform>
						<Name>chibang18</Name>
					</Element>
					<Element index="61">
						<Transform rawdata="itoHvxUDAL9/MS8/qBpSP746Ab9E/4g+AL5YPrAiND8SpC0/TUwJwJcEWj/ztEo+">(-0.53067840079454665,-0.50004701544989993,0.68434898521541632,0.82071926208639145,-0.50480260732953752,0.26757251919691732,0.21166228718698643,0.70365427344254161,0.67828476417609129,-2.14528213423162217,0.8516325276605663,0.19795588958596833)</Transform>
						<Name>chibang20</Name>
					</Element>
					<Element index="62">
						<Transform rawdata="1BymPiBSeT12pnG/A39KP2yfBz9KsJw+CsoEP0iQWL9DZ/09ZlZRv3YBub+nDMG/">(0.32443869749775456,0.06086933645770723,-0.94394623154592694,0.7910005735825143,0.52977630636436823,0.30603247500984077,0.51870787788187289,-0.84595154450779764,0.12373211462508373,-0.81772457313258062,-1.44535703606087829,-1.5081986528767215)</Transform>
						<Name>chibang19</Name>
					</Element>
					<Element index="63">
						<Transform rawdata="7UFuPxTppz4a7iU+3rGwvoDsIz9aqy8/CGP4PXnPMb9QiTU/g/ZVP7FJoL9gSM6/">(0.93069342232596497,0.32795011316977057,0.16204109060014044,-0.34510700487859314,0.64032743178696239,0.68620833755145894,0.12128263813493477,-0.69457205374143627,0.70912645247162531,0.83579270719405296,-1.25224882772270574,-1.61158366891933702)</Transform>
						<Name>chibang15</Name>
					</Element>
					<Element index="64">
						<Transform rawdata="KjoMtAAAgL9qax21Z1lrP0FXvLRWdsk+UnbJvkDtArVsWWs/jZcIwPZiJTWOy66/">(-0.00000013059675728,-0.99999999999981959,-0.00000058643364144,0.91933294291740342,-0.00000035081215588,0.39348096621001483,-0.39348084894366936,-0.00000048774016553,0.91933321689996528,-2.1342498819424387,0.0000006161129971,-1.3655869515131922)</Transform>
						<Name>zuiba01</Name>
					</Element>
					<Element index="65">
						<Transform rawdata="iR1bP3qrAr8Qram95X/zvjvQNr/+fwO/y+ZPPtNH9T5Dnlq/xoCtP9oVyT/FXKo/">(0.8559194295629301,-0.51042904388804589,-0.08284962253025373,-0.47558513443473055,-0.71411486040666639,-0.51367173946160871,0.20302884031922089,0.47906358542824573,-0.85397740212161355,1.35549238829480934,1.57097937690263878,1.3309561425479004)</Transform>
						<Name>Bip001 R UpperArm</Name>
					</Element>
					<Element index="66">
						<Transform rawdata="EkZGvhbaS79dtRK/rx57v/zcFj5AwgE+U/WGvGIxFj/IRE+/yTVCQL0Dkr5lL/q8">(-0.19362667668377925,-0.79629645233596735,-0.5730798880138348,-0.98093695217739485,0.14732736012887207,0.12671756606566528,-0.01647440224466065,0.58669103498866737,-0.80964326688594446,3.03453278811289451,-0.28518475816146593,-0.03054017691803759)</Transform>
						<Name>erduo08</Name>
					</Element>
					<Element index="67">
						<Transform rawdata="ihxCNQAAgL+G9y+10ZY3P32QhDOfaTI/nWkyv8O8grXTljc/y5++v/tyP7T8RwLA">(0.00000072312163262,-0.99999999999952371,-0.00000065552776502,0.71714504223863551,0.00000006173011444,0.69692415749697334,-0.69692403287684312,-0.00000097406913102,0.7171451704738957,-1.4892515253534,-0.00000017830091481,-2.03564349762188446)</Transform>
						<Name>shetou01</Name>
					</Element>
					<Element index="68">
						<Transform rawdata="ix52NQAAgL+pCxY1ZFlrPx2njjVpdsk+aXbJvrhkJDRlWWs/kDEFwHojU7aaz7C/">(0.00000091686586006,-0.99999999999942346,0.00000055896319955,0.91933272540452937,0.00000106284607977,0.39348153207491193,-0.39348150862194803,0.00000015310331444,0.91933278020148745,-2.08114996800517549,-0.00000314620992621,-1.38133544293830401)</Transform>
						<Name>shetou02</Name>
					</Element>
					<Element index="69">
						<Transform rawdata="t3HKPkB5S78es+s+9nlQvvtl0z6sQmM/H0plvwK04765dbw6gBd9P5fNWb9+IRDA">(0.39539883858438601,-0.79481886541655733,0.46035092556511154,-0.20359025039578704,0.41288742022033992,0.88773606189621279,-0.89566226201576671,-0.44473271503269352,0.00143783459177354,0.98863982211189882,-0.85079331238746825,-2.25204415352649301)</Transform>
						<Name>yanjing11</Name>
					</Element>
					<Element index="70">
						<Transform rawdata="7fwUv0F5Sz8jDDA+6jufPvBl0z5NJVu/ZFpAv/Wz4769l/m+FOzIvvbPWb8cfRtA">(-0.58198433021652074,0.79481894868246084,0.17192130358618035,0.31100397718099609,0.41288708933398149,-0.85603791487741276,-0.75137924216738239,-0.44473233731997008,-0.48748578654580416,-0.39242613901801232,-0.85082949531208452,2.42951111124173424)</Transform>
						<Name>yanjing07</Name>
					</Element>
					<Element index="71">
						<Transform rawdata="fGAUv1l5Sz9AHTi+c887P7dl0z6jKwq/36G1vuKz477EiVK/OjHWv7TPWb8Ot+Y/">(-0.57959725624580849,0.79482037862286747,-0.1797990804792827,0.7336342011091781,0.41288539395427137,-0.53972832458366116,-0.35475061483319331,-0.4447317577982573,-0.82241465497615041,-1.67337722633820496,-0.85082556636335682,1.80246140933340726)</Transform>
						<Name>yanjing09</Name>
					</Element>
					<Element index="72">
						<Transform rawdata="nnHKvkl5Sz8Vs+s+CnpQvvBl0z6rQmO/J0plv+2z475eW7y6wRh9P/nPWb8iIRBA">(-0.39539806876162165,0.79481939124972911,0.46035065730328084,-0.20359053744387115,0.41288708657700673,-0.88773600085291238,-0.89566273625747361,-0.44473208502421263,-0.00143704909988918,0.98865899170003435,-0.85082968849827001,2.25202226930001093)</Transform>
						<Name>yanjing08</Name>
					</Element>
					<Element index="73">
						<Transform rawdata="LsuBPj55S78EJg0/nkDhvgFm0z6HJ0w/UItcv/2z476p43q+CkfDP8uyVr8mTOy/">(0.25350326311573684,-0.79481877738948681,0.55136133183893155,-0.43994611522356747,0.41288758914387624,0.79747811917737377,-0.86150073203066135,-0.44473258150189487,-0.24500908227128787,1.52560543561861595,-0.83866565827654049,-1.84607392388438574)</Transform>
						<Name>yanjing02</Name>
					</Element>
					<Element index="74">
						<Transform rawdata="tQb+Pj15S7/y6LI+NvakPAJm0z5vGmk/pzVevwq0475sKGI+NT3JPl/JVr/MUBfA">(0.49614491503422825,-0.79481869280106421,0.34943347436949274,0.0201369335483649,0.4128876271690653,0.91055959033969303,-0.86800617923661538,-0.4447329654215792,0.22085732106453773,0.39304509261255011,-0.83901019349855899,-2.36430650956091215)</Transform>
						<Name>yanjing01</Name>
					</Element>
					<Element index="75">
						<Transform rawdata="bxiDvrcJAb8TKVO/xskzP6eK+j5pXAS/xwsqPyUwNr8lMWo+kEPXvyk6gb/xC+w/">(-0.25604577456242272,-0.50405447812661186,-0.82484551179347232,0.70229756067317795,0.48933908460259989,-0.51703506018949263,0.66424223286960549,-0.71167209993531966,0.22870309365275535,-1.68174932660389054,-1.00958735464508931,1.84411439938095234)</Transform>
						<Name>chibang04</Name>
					</Element>
					<Element index="76">
						<Transform rawdata="kDMCPu+L+b7nJl0/LbImPzewHb9iAeO+I4s/P61vHj+lyXQ+Fg7Pv1JUrD+K9Zk/">(0.12714981341251091,-0.48739573228303384,0.86387485947208942,0.65115627085259964,-0.61597008979874068,-0.44336992661942332,0.74821683747326873,0.61889152964226712,0.23905046221102882,-1.61761739769597379,1.34632319376140241,1.20280577805244882)</Transform>
						<Name>chibang08</Name>
					</Element>
					<Element index="77">
						<Transform rawdata="SRiDPs8JAT8EKVO/zckzP5aK+j5pXAQ/0wsqPw8wNr+fMWq+5ULXv784gb8tDuy/">(0.25604465757987788,0.50405593806471938,-0.82484458076293277,0.70229798978213653,0.48933856466644071,0.51703504614566487,0.66424292760463244,-0.71167083713742485,-0.22870491954620287,-1.68172892201797386,-1.00954422983662373,-1.84418266174695034)</Transform>
						<Name>chibang10</Name>
					</Element>
					<Element index="78">
						<Transform rawdata="wzMCvqqL+T7pJl0/QbImPyqwHb8yAeM+F4s/P79vHj9VyXS+Zw3PvwlSrD/f+Jm/">(-0.12715057767622351,0.48739368432555175,0.86387495767110456,0.65115745879789499,-0.61596928767403369,0.44336849724949245,0.74821607206420282,0.6188925924827976,-0.2390492676516166,-1.61759645732478763,1.34625346671400226,-1.202907471608748)</Transform>
						<Name>chibang06</Name>
					</Element>
					<Element index="79">
						<Transform rawdata="LIDEvp/I0z4qWlM/H1tFP7p/sr6idQg/DyECP85OVz9Ohj2+Ns7Qv0SdRT8Ne7K/">(-0.38379036509556935,0.41363998489607412,0.82559452491002916,0.77092163213509046,-0.34863073825868163,0.53304493295768862,0.50831693269991718,0.84104618805728026,-0.18508265125312701,-1.63129304607427339,0.77193095571887782,-1.39438024141217709)</Transform>
						<Name>chibang07</Name>
					</Element>
					<Element index="80">
						<Transform rawdata="1XmwvkUT+L6w002/0FQ9P5hOxj5W6wy/x/8TP9/LSL9wPGY+WqmmvxnzTr9v//M/">(-0.34467949416729199,-0.48452200326488887,-0.80401136751397495,0.73957537227511039,0.38731837614956066,-0.55046592225425517,0.5781215732381324,-0.7843608545659404,0.22483991937616457,-1.30204319422334169,-0.80839685527265104,1.90623267285911524)</Transform>
						<Name>chibang05</Name>
					</Element>
					<Element index="81">
						<Transform rawdata="GX0WvxjbEj/gYyU/ZZSUPg+2Hr/xhD4/Ak53P14KCT+mpC0+AnGsvjQboD85liDA">(-0.58784634654964563,0.57365557735825912,0.6460552186998616,0.29019465312794079,-0.61996550546694906,0.74421604102259564,0.96603407224357363,0.53531446249833881,0.16957340202793686,-0.33679968596232673,1.25083018006877444,-2.50916884065242218)</Transform>
						<Name>chibang01</Name>
					</Element>
					<Element index="82">
						<Transform rawdata="/oQWv0+xGD+f9B8/8JpxPuMvH7/Hp0E/GQp7P3jaAT8LQEU+bFzvPtH7mz9yfiDA">(-0.58796682945952672,0.59645550616866361,0.62482636382015511,0.23594259473642162,-0.6218244715841913,0.75646631301527745,0.98062284133151301,0.50723979822502208,0.19262711759605464,0.46750198690416506,1.21862227355489505,-2.5077177040409242)</Transform>
						<Name>chibang02</Name>
					</Element>
					<Element index="83">
						<Transform rawdata="2XTcvvGMCj+TKT8/HUMVP20OEr9iFyU/Fi1sP6X4HD9l4XG96KKLvC6moT+iDyjA">(-0.43057898462006439,0.5412130795120812,0.74672811107939596,0.58305532735992283,-0.57053260524007876,0.64488802541322177,0.92256297433095147,0.61316903983428739,-0.0590528434673897,-0.01704545242267019,1.26288384645424179,-2.62595418690558802)</Transform>
						<Name>chibang03</Name>
					</Element>
					<Element index="84">
						<Transform rawdata="dcgBv6arAr820DE/7yszv0LQNj/0hGQ8Qc0Av2FH9b6MIji/UZgQQOgVyb8ykAm/">(-0.50696500336124317,-0.51043166570363718,0.69458332502896403,-0.69988909393839527,0.71411525392711062,0.01394771428632874,-0.50313193255151967,-0.47906020533654398,-0.71927712675101474,2.25929665861610651,-1.57098097033845785,-0.5373565124555888)</Transform>
						<Name>Bip001 L Forearm</Name>
					</Element>
					<Element index="85">
						<Transform rawdata="d3T0vktFJ7+sYxY/e22vO2G1K7+D3j2/re5gPzmys76DwaU+q0pWPlJFN0BN9M8/">(-0.47745105097174761,-0.65340107270419423,0.58745838700938913,0.00535362733316927,-0.67073635169375367,-0.74167648055695456,0.87864190326993563,-0.3509690981675932,0.32374199625565719,0.20926921190310327,2.86360607027024461,1.62464291862351562)</Transform>
						<Name>Bip001 L Hand</Name>
					</Element>
					<Element index="86">
						<Transform rawdata="+bEMvwoWKr/SqAE/VnEJPhYpK7/cPTu/xhdTP58Bq758y+k+mslmP6WfOECeguM/">(-0.54959067695269292,-0.66439880976501497,0.50648224579499967,0.1342213974953812,-0.66859566086127253,-0.73141266033574481,0.82458153281592939,-0.33399674465744922,0.45663058747051094,0.90151371065385111,2.88474401727276764,1.77742361083113165)</Transform>
						<Name>Bip001 L Finger0</Name>
					</Element>
					<Element index="87">
						<Transform rawdata="rsUKv6KyNL9Hd+k+AHV8Pr3/Jr8zeje/PKhNPxFcjb5tEwc/hoCUP0iNPkA5/vM/">(-0.54207885457713634,-0.70585074378397417,0.45598812891017598,0.24654007045495555,-0.65233972774294113,-0.71670837463968728,0.80334831118289241,-0.27609304353666575,0.52764019031244791,1.16017223923640334,2.97737304073318532,1.90619572903179835)</Transform>
						<Name>Bip001 L Finger01</Name>
					</Element>
					<Element index="88">
						<Transform rawdata="KIDEPvvI074lWlM/B1tFP75/sr7GdQi/IiECP8JOVz/Ehj0++s/Qv+igRT/4d7I/">(0.38379026804526012,-0.41364272271054575,0.82559425953389742,0.77092024431832862,-0.34863083329281963,-0.53304708295472825,0.50831805542646025,0.8410455108551711,0.1850844058304357,-1.63134695665684881,0.77198649797954566,1.39428612067749991)</Transform>
						<Name>chibang09</Name>
					</Element>
					<Element index="89">
						<Transform rawdata="O8gBP3yrAr+B0DG/9iszvzvQNr/nhWQ8c80Av9BH9T5EIji/VpgQQNsVyT89kAm/">(0.50696153365808483,-0.51042913421822944,-0.69458773986152655,-0.69988955333414482,-0.71411484014669768,0.01394794068496284,-0.50313490808537054,0.47906351938438069,-0.71927285906949479,2.25929773650115484,1.57097945244847281,-0.53735712340916342)</Transform>
						<Name>Bip001 R Forearm</Name>
					</Element>
					<Element index="90">
						<Transform rawdata="kuYAPzXbEr/fYyU/5Id+Phi2Hr/2hD6/O9RTP00KCT9+pC2+c76TvjgeoD+TlCBA">(0.50351821193911805,-0.57365730600160181,0.64605515202371411,0.24856525000275731,-0.61996605115326608,-0.74421631743144434,0.82745714256595437,0.53531342554888317,-0.16957279446212914,-0.28856238585722183,1.25092226162828157,2.50906817481379329)</Transform>
						<Name>chibang12</Name>
					</Element>
					<Element index="91">
						<Transform rawdata="snmwPosT+D6q002/y1Q9P6dOxj5Z6ww/0P8TP+DLSL/UPGa+Zaimv3/wTr+lAfS/">(0.3446784469069003,0.48452408995838886,-0.80401101558220445,0.739575111863496,0.3873188152023973,0.55046614960357521,0.57812211835511684,-0.784360868575948,-0.22484141653852657,-1.30201397087799098,-0.80835718699884884,-1.90630023464752285)</Transform>
						<Name>chibang11</Name>
					</Element>
					<Element index="92">
						<Transform rawdata="E+cAP1F4Gb8tRR8/hvFGPtSCH79v9EG/sYNXP7uaAD+4AUq+x7HXPq+2mz+VXCBA">(0.5035259033828785,-0.59949212564038479,0.62214927954336274,0.19428071017789064,-0.6230900480326732,-0.75763598701784773,0.84185318760727579,0.50236097860788753,-0.19727218813406425,0.42127819674056582,1.21651252179633951,2.50565076547779153)</Transform>
						<Name>chibang13</Name>
					</Element>
					<Element index="93">
						<Transform rawdata="CfOvPvthCL/0+kU/BPgHP+yiEb9eviC/zUNGP4lkID/RG7M9+iQRvruMpD++eSlA">(0.34365108139321887,-0.53274504532096545,0.77336046343527898,0.53112816084390957,-0.56889224770053104,-0.62790479516956765,0.77447203321045588,0.62653405592905687,0.08745539744852757,-0.14174261748393924,1.28554481213832883,2.64805552040018455)</Transform>
						<Name>chibang14</Name>
					</Element>
					<Element index="94">
