<?xml version="1.0" encoding="utf-8"?>
<Resource>
	<Version>1</Version>
	<SSkinSkeletonData>
		<Root>
			<Sub/>
			<Entity type="SSkinSkeletonData">
				<Bones count="48" ordered="true">
					<Element index="0">
						<Transform rawdata="zI4vv7d1zD5JxRu/0t40v+x4KL5ONDA/YPIyPlfkZj8JOco+oL8TPyqY0j7u/to9">(-0.68577267695065047,0.3993355877507504,-0.60847910519619341,-0.70652499009902359,-0.16452378380779303,0.6882980819261012,0.17475271766738032,0.90192171195663817,0.39496639365837499,0.57714271523011962,0.41131715972875826,0.1069315555613386)</Transform>
						<Name>biped_bone24</Name>
					</Element>
					<Element index="1">
						<Transform rawdata="64gvP26FzL7Hxhu/cOE0v3JJKL54NDC/IyQzPg/jZj8GNMq+VsUTP7eI0j4i99q9">(0.68568296562188313,-0.39945548861285779,-0.60850182741154313,-0.70656491506446428,-0.16434267896995156,-0.688300624648991,0.17494253758284836,0.90190216306546456,-0.39492816179901696,0.57722982932229183,0.41119929857432447,-0.10691667746160644)</Transform>
						<Name>biped_bone27</Name>
					</Element>
					<Element index="2">
						<Transform rawdata="GDurNQAAgD/9Tse1HNHAPVVNtjXk3H4/5Nx+PyU8vbUc0cC9kIjmP22VErVK3SO/">(0.00000127576909522,0.99999999999808376,-0.00000148496437216,0.09414884794103849,0.00000135825631208,0.99555801237848207,0.99555801237859121,-0.00000140991016572,-0.09414884793912523,1.80104253287033522,-0.0000005460668179,-0.64009538050898662)</Transform>
						<Name>biped Tail4</Name>
					</Element>
					<Element index="3">
						<Transform rawdata="kco2NQAAgD+/OpK1zGCavkb7pjXzFXQ/8xV0Pzs0rLTMYJo+y14PQJxtADZZ7oE+">(0.00000068095058766,0.99999999999917477,-0.00000108949450889,-0.30151973707092139,0.00000124410940606,0.95345993526478856,0.95345993526535711,-0.00000032075500537,0.30151973707151969,2.24016079577759264,0.00000191372874702,0.2537715620153948)</Transform>
						<Name>biped Tail5</Name>
					</Element>
					<Element index="4">
						<Transform rawdata="VnRLswAAgD9CfoC1310fv4ozQTVpWEg/aVhIP6TuKTXfXR8/qAYTQEoFmjYHZ5M/">(-0.00000004737042913,0.99999999999954081,-0.00000095734889695,-0.62252608182161817,0.00000071973101232,0.78259905280501485,0.78259905280534436,0.00000063304671072,0.62252608182129809,2.29728129523905489,0.00000459017349497,1.15158160768782381)</Transform>
						<Name>biped Tail6</Name>
					</Element>
					<Element index="5">
						<Transform rawdata="qlIRtQAAgD84eoi1qSNJv7GvWjQLXR4/C10eP+QtmDWpI0k/MIwOQATC0zaqzdo/">(-0.00000054137003049,0.99999999999933653,-0.00000101683602822,-0.78570038175741364,0.00000020366748334,0.61860723412049834,0.61860723412029484,0.00000113382387275,0.78570038175678203,2.2273062516394786,0.0000063108764304,1.7094013657735001)</Transform>
						<Name>biped Tail7</Name>
					</Element>
					<Element index="6">
						<Transform rawdata="po6xtQAAgD8ojsu1zPZ+v3GLnrUBD7g9AQ+4PWWw2jXM9n4/Qis1P4WiATWKoNu9">(-0.00000132290434157,0.99999999999797518,-0.00000151660511602,-0.99595335099307902,-0.00000118124998382,0.08987236423707984,0.08987236423510635,0.00000162936029404,0.99595335099262472,0.70769128961265348,0.00000048292739116,-0.10723979505982147)</Transform>
						<Name>biped Spine</Name>
					</Element>
					<Element index="7">
						<Transform rawdata="3I+SNQAAgD8jX7W1HVkCvZ/xuTXQ3n8/0N5/P0O3jLUdWQI9M4QqPlnQhrNO3/W+">(0.00000109197159847,0.99999999999849076,-0.0000013513239654,-0.03182326549495552,0.00000138538955304,0.99949357125527227,0.99949357125563598,-0.00000104841492636,0.03182326549642029,0.16651992561092979,-0.0000000627775935,-0.48021931546613411)</Transform>
						<Name>biped Tail</Name>
					</Element>
					<Element index="8">
						<Transform rawdata="IdZ+NQAAgD8JLau1xYPWvaCUtzWBl34/gZd+P1WTWbXFg9Y91cUmP6YVwjO46N2+">(0.00000094933972927,0.99999999999873601,-0.0000012753599783,-0.1047435199713482,0.00000136778175037,0.99449926848748416,0.99449926848797154,-0.00000081053197295,0.1047435199725143,0.65145618382418691,0.00000009037766759,-0.433416138355463)</Transform>
						<Name>biped Tail1</Name>
					</Element>
					<Element index="9">
						<Transform rawdata="MjGNJAAAgD/jXSk2AACAvzIxjSSE0jobAAAAAONdKbYAAIA/ZC/mPglpojSFC6m9">(0.00000000000000006,0.99999999999681533,0.00000252376116804,-1,0.00000000000000006,0,0,-0.00000252376116804,0.99999999999681533,0.44958031177520752,0.00000030251274211,-0.08254150301167973)</Transform>
						<Name>biped Pelvis</Name>
					</Element>
					<Element index="10">
						<Transform rawdata="ERuntQAAgD+BuMa1czt+v3ijjrWuQ/A9rkPwPebz2DVzO34/7eOIP6BfvzSJpgu+">(-0.00000124503470039,0.99999999999812894,-0.00000148058476965,-0.99309462646259861,-0.00000106273998884,0.11731658919045666,0.11731658918866367,0.00000161642381054,0.99309462646206359,1.06945570624790554,0.00000035646098195,-0.13637746221276215)</Transform>
						<Name>biped Spine1</Name>
					</Element>
					<Element index="11">
						<Transform rawdata="6tIGtgAAgD/AUiK2fgFdv+NQRrYCMwG/AjMBv3YukDV+AV0/Xp2vP5SaYjZSiVo/">(-0.00000200903246777,0.99999999999505662,-0.00000241880472943,-0.86330402050989596,-0.00000295513820011,-0.50468458049625542,-0.50468458050090859,0.00000107423575537,0.86330402051156518,1.3719899598731724,0.0000033766600736,0.85365781433614774)</Transform>
						<Name>biped Neck</Name>
					</Element>
					<Element index="12">
						<Transform rawdata="HO6PNQAAgD9KHbe1GfGMvEmQuTVL9n8/S/Z/PyXCjLUZ8Yw8qb6KP4WYObSxtQe/">(0.00000107236292582,0.99999999999849432,-0.00000136430864731,-0.01720480823802555,0.00000138255667645,0.99985186710484508,0.99985186710522589,-0.00000104873165497,0.01720480823948224,1.08394354371943868,-0.00000017284954109,-0.53011615840066761)</Transform>
						<Name>biped Tail2</Name>
					</Element>
					<Element index="13">
						<Transform rawdata="aXLANQAAgD+4md61z3ZhPsnDrjWxt3k/sbd5P3687LXPdmG+c4unP0vonbVuU12/">(0.00000143384128092,0.99999999999759659,-0.00000165850271686,0.22017978119530587,0.00000130209916279,0.97545918701530243,0.97545918701511769,-0.00000176382283604,-0.22017978119290973,1.30894315557089813,-0.00000117650172857,-0.86455426337716712)</Transform>
						<Name>biped Tail3</Name>
					</Element>
					<Element index="14">
						<Transform rawdata="8KB7vhEXc79Xb0e+cM46vzGFSD2Ely4/s1gjvwOSnj4rdzS/JfrbPvfTED46sVa+">(-0.2457311137958115,-0.94957070292861456,-0.19476067049266993,-0.72971251057305631,0.04895514772442576,0.68199943388880868,-0.63807218247190423,0.30970772294364368,-0.7049433825591177,0.42964281222487,0.14143358596495559,-0.2096604413119722)</Transform>
						<Name>biped L Thigh</Name>
					</Element>
					<Element index="15">
						<Transform rawdata="FQQgvhIXc799Los+UU5IPzOFSD1A7B4/uFAav/+Rnj4KPzw/HGKsvvvTED4jaFW/">(-0.15626557854911816,-0.94957080258824178,0.27183904672033815,0.78244503274263311,0.04895515442908029,0.62079236776631108,-0.60279419348322294,0.30970760877971265,0.73533690836328591,-0.3366860268805375,0.14143364250900675,-0.833620228406171)</Transform>
						<Name>biped L Calf</Name>
					</Element>
					<Element index="16">
						<Transform rawdata="AKB7Ph8Xc797b0c+fM46vzOCSL15ly4/u1gjv7+Rnr4ydzS/MfrbPmbUEL4fsVa+">(0.24572754009213429,-0.94957156837458701,0.19476120574271857,-0.72971320458043198,-0.0489522917748795,0.68199880934891011,-0.63807267165310044,-0.30970571333754021,-0.70494375434094858,0.42964317282599673,-0.14143522962481572,-0.2096600415478645)</Transform>
						<Name>biped R Thigh</Name>
					</Element>
					<Element index="17">
						<Transform rawdata="WgQgPh8Xc78ILou+SU5IPzqCSL1M7B4/vlAav7mRnr4SPzw/EGKsvmnUEL4paFW/">(0.15626660657747804,-0.9495715664009825,-0.27183555752275085,0.78244455514587297,-0.04895231711282646,0.62079311923468372,-0.60279454691572731,-0.30970552292794179,0.73533740171341122,-0.33668564682839908,-0.14143527390279251,-0.83362058634597092)</Transform>
						<Name>biped R Calf</Name>
					</Element>
					<Element index="18">
						<Transform rawdata="WQPqtQAAgD9LR1O2J1Uhv+HHbbYBxEa/AcRGv/A0KTUnVSE/GzigPxyNlzb5DLE/">(-0.00000174353329807,0.99999999999352429,-0.00000314829484635,-0.63020559334817128,-0.00000354320966236,-0.77642830325801859,-0.77642830326414558,0.00000063034442138,0.63020559335026793,1.25171223785067376,0.00000451657802566,1.38320841200709488)</Transform>
						<Name>biped Head</Name>
					</Element>
					<Element index="19">
						<Transform rawdata="Ist3v92SujU9mYC+UAbzPE01fj++IOq9mWV/Pu3h8b0mD3a/SUTcPXbDu785IN49">(-0.96794328227240678,0.00000139008230885,-0.25116912435949795,0.02966609509964267,0.993000789644638,-0.11432026370993714,0.24941099477480785,-0.11810670321644061,-0.96116865673636853,0.10755211874674223,-1.46690245605023772,0.10845989534830953)</Transform>
						<Name>biped L Clavicle</Name>
					</Element>
					<Element index="20">
						<Transform rawdata="+H3OvgPtSz+kkea+x4tYP0ojAz8zJBg+F7WyPsRapL7NYmG/moiFv7nsiL9EPUe+">(-0.40330482339380974,0.79658528182701005,-0.45032988493589227,0.84588284709370343,0.51225720495427041,0.14857559579317051,0.3490378610121519,-0.32100499424539392,-0.88041383762805103,-1.04323122945354729,-1.06972423976909647,-0.19456965213744667)</Transform>
						<Name>biped L UpperArm</Name>
					</Element>
					<Element index="21">
						<Transform rawdata="xvDlNQAAgD+rXlC0hIQ7P0ApurVbRy6/W0cuv6Z1iTWEhDu/yvyPv0NCZjRMq6w/">(0.00000171319041792,0.99999999999851363,-0.00000019405950041,0.73249074941509162,-0.00000138700856136,-0.68077628362462783,-0.68077628362388498,0.00000102415359368,-0.73249074941637904,-1.1249019831148459,0.000000214445256,1.34897756112995237)</Transform>
						<Name>biped_bone01</Name>
					</Element>
					<Element index="22">
						<Transform rawdata="hGmkvgPtSz+tHgM/nxC7vUojAz8ynVq/009xv8hapL5F37u9Y2/zvLnsiL/Cjhk/">(-0.32111752289760731,0.79658524032269651,0.51218685201095904,-0.09134029567357559,0.51225719684158411,-0.85396108754484323,-0.94262425540316352,-0.32100511018595568,-0.09173444715935561,-0.02971620007922854,-1.06972423784423487,0.59983458509353371)</Transform>
						<Name>biped L Forearm</Name>
					</Element>
					<Element index="23">
						<Transform rawdata="ui9Tvt32U77S03S/GXNUPwMJDr+QJnG9cLcEvzpJTr/UiZI+EJkuv1sJZj+Y3y8/">(-0.20623675042604156,-0.20699640050904375,-0.95635714655427773,0.82988125266898038,-0.55482502375242371,-0.0588746677893379,-0.51842406313969502,-0.80580484285953857,0.2862077932841019,-0.68202303046427826,0.89858022721915287,0.6870055014599572)</Transform>
						<Name>biped L Hand</Name>
					</Element>
					<Element index="24">
						<Transform rawdata="Mst3P/uFqLXQmIA+oADzPEs1fr+RIeq91GR/Pl7i8T0xD3a/CEXcPXbDuz8LId49">(0.96794424170739601,-0.00000125559683763,0.25116587159016396,0.02966338319289489,-0.99300068940571551,-0.11432183901281992,0.24940807178399477,0.11810754598949502,-0.96116931936662542,0.10755354180534434,1.46690247979524124,0.10846146305224681)</Transform>
						<Name>biped R Clavicle</Name>
					</Element>
					<Element index="25">
						<Transform rawdata="cn7OPvrsSz9akeY+uYtYP20jA7+mIxg+17SyPoJapD7nYmG/mYiFv8PsiD/MPEe+">(0.40330844395814347,0.79658470791233726,0.45032770598741584,0.84588198340119625,-0.51225932627893878,0.14857349502745049,0.3490359414138029,0.3210030332285474,-0.88041537436791983,-1.0432311364543434,1.06972534859737589,-0.19456785321407274)</Transform>
						<Name>biped R UpperArm</Name>
					</Element>
					<Element index="26">
						<Transform rawdata="HWmkPvnsSz/eHgO/jRG7vW4jA78anVq/5E9xv4ZapD4X3ru942vzvMPsiD+4jhk/">(0.32111444686543772,0.79658465582781757,-0.51218974409576834,-0.09134206914661094,-0.51225933936480272,-0.8539596646970401,-0.94262525790312968,0.32100314159627308,-0.09173219463335779,-0.02971453032119997,1.0697253791500243,0.59983398464050552)</Transform>
						<Name>biped R Forearm</Name>
					</Element>
					<Element index="27">
						<Transform rawdata="/C9TPsb1U77g03Q/CXNUPxoJDj9gKXG9iLcEvzxJTj91iZI+A5kuv3AJZr+u3y8/">(0.20623772756865216,-0.20699224435009386,0.95635795470401996,0.82988027457597513,0.55482635079055231,-0.05887735034888041,-0.51842547006840289,0.80580499677577933,0.28620495753603498,-0.6820222824914427,-0.89858149232255236,0.68700684811222079)</Transform>
						<Name>biped R Hand</Name>
					</Element>
					<Element index="28">
						<Transform rawdata="e1hBv6mM5D6suPW+LDMWvxBKCb4Nckw/MZSVPkx+Yj9C8Lk+b9cbP0tkGj+CnDk9">(-0.7552563655312502,0.44638565332116936,-0.4799245522151408,-0.58671832917625111,-0.13407158536983407,0.79861530390658542,0.29214623826630814,0.88473961235408938,0.36316114955662404,0.60875599744536113,0.60309286249700034,0.04531527458292156)</Transform>
						<Name>biped_bone06</Name>
					</Element>
					<Element index="29">
						<Transform rawdata="+lFivs6R8z7B81k/DSBpPyDoWL5io7U+cL6yPq2MWj/p1cW++306vjakHD8E5IO/">(-0.22101584379882597,0.47572177494629286,0.85137562847964832,0.91064531680266658,-0.21182298834244428,0.35476212502614457,0.34910918490432802,0.85370902490032974,-0.38639763904465269,-0.18212119536573679,0.61188066847145361,-1.03039596625494068)</Transform>
						<Name>biped_bone07</Name>
					</Element>
					<Element index="30">
						<Transform rawdata="K0pBP2Ou5L5hxvW+STkWv8HjCL7bcUy/qMWVPq95Yj8G37m+tukbP5FSGj/rWDm9">(0.75503796551667002,-0.44664296969146383,-0.4800291272247531,-0.58681159048797171,-0.13368131313476034,-0.79861231414686529,0.29252361668085247,0.88466927253732552,-0.36302965156875344,0.60903487235045739,0.60282239184459252,-0.04525081616799745)</Transform>
						<Name>biped_bone12</Name>
					</Element>
					<Element index="31">
						<Transform rawdata="sHViPuG0876n51k/wCNpP4eCWL7LrrW+7J+yPj+JWj/KAMY+2qc6vkeTHD8o7IM/">(0.22115206183291905,-0.47598937026161714,0.85119101000338615,0.91070173670413324,-0.21143542326638207,-0.35484918565015194,0.3488763511014164,0.85365670924138448,0.38672475889466879,-0.18228093304930515,0.61162230230481773,1.03064446709013935)</Transform>
						<Name>biped_bone13</Name>
					</Element>
					<Element index="32">
						<Transform rawdata="6UMJv040tr4J8kO/pxZYv+ccZz6MBvk+SwWwudsoaD8hwte+tiLwPmTLcT5VedO9">(-0.53619250653308637,-0.35586779833899512,-0.76541193267772645,-0.84409565999432157,0.22569619614131453,0.48637807416016282,-0.00033573280524782,0.90687338540322004,-0.42140297276337685,0.46901481467702227,0.23612743417133217,-0.10325876672408053)</Transform>
						<Name>biped_bone18</Name>
					</Element>
					<Element index="33">
						<Transform rawdata="NB2Pvr5OtL5aqmQ/NjdlP8sMdj5f9r8+tH2xvtORZz8NHH4+SUAhv0UMZD59mCe/">(-0.27951969023870904,-0.35216326121551766,0.89322435627925001,0.89537370807689809,0.24028317781839792,0.37492653090542993,-0.34666217799679488,0.90456884397430271,0.24815387519186377,-0.62988716578755466,0.22270304881249306,-0.65467054180167972)</Transform>
						<Name>biped_bone19</Name>
					</Element>
					<Element index="34">
						<Transform rawdata="Otinvrly0D5rPlo/5mJiP9G7Pb48ads+CDSqPin2ZD9bPJm+y7tnvuNd1T6aDna/">(-0.32782155117855244,0.40712525423898627,0.85251491757043241,0.88432156614803126,-0.18528677201587937,0.42853725302761675,0.33242821396157324,0.89438112740500064,-0.29928859191495372,-0.22630231484665084,0.41673193622585275,-0.96116028270840437)</Transform>
						<Name>biped_bone25</Name>
					</Element>
					<Element index="35">
						<Transform rawdata="/dgzv7NMDD8lcOi+Bewsv0AboL5k9Co/n2RlPpqaRj9GAhc/LhAoP18qST/nX8E+">(-0.70252971045844581,0.54804534914682768,-0.45398059207941094,-0.6754763572744642,-0.31270790486213951,0.66779161220805272,0.22401664730072265,0.77579655834109285,0.58987844572124482,0.65649691127356191,0.78580279719801027,0.37768480743205923)</Transform>
						<Name>biped_bone09</Name>
					</Element>
					<Element index="36">
						<Transform rawdata="CirxvcIZDT9Md1M//blhPzcypr5UQK8+5uDpPv7GRD9AQuW+Yo8nvVfhSD8Cs4S/">(-0.11775596260240472,0.55117430280142454,0.82603909883068405,0.88174419250358715,-0.32460185219529653,0.34228764704011111,0.45679394945399443,0.76866136045999489,-0.44777107043075104,-0.04090822454768506,0.78468843004125766,-1.03671285047860229)</Transform>
						<Name>biped_bone10</Name>
					</Element>
					<Element index="37">
						<Transform rawdata="NU0JP84wtj5a7EO/whBYv0OhZz5L/Pi+bNeWOE0haD+t4tc+4zDwPieOcT5mldM9">(0.53633432668999326,0.35584109777651463,-0.76532519397502485,-0.84400568958379862,0.2262011005096117,-0.48629985512665164,0.00007192682805497,0.90675812346553908,0.42165127578472761,0.46912296507445067,0.23589382348320775,0.10331230224786307)</Transform>
						<Name>biped_bone21</Name>
					</Element>
					<Element index="38">
						<Transform rawdata="5giPPipLtD45rmQ/Ii9lP7SQdj608r++27exvsaJZz8f732+L0chv8LOYz7Xmyc/">(0.27936476002136917,0.3521359634583785,0.89328343495388574,0.89525043687622896,0.2407863709315653,-0.37489853925345656,-0.34710583828056379,0.90444598757516237,-0.24798248580418708,-0.62999241439046516,0.22246839899939752,0.65472166059386216)</Transform>
						<Name>biped_bone22</Name>
					</Element>
					<Element index="39">
						<Transform rawdata="r96nPqaC0L5oOVo/OGRiP2eMPb4jbtu+wiaqPgf1ZD8UUpk+68dnvoVO1T6vE3Y/">(0.32787082060187439,-0.40724675720962655,0.85243847035957054,0.88434169310579547,-0.18510591086883266,-0.42857466451071102,0.33232696262679234,0.89436379385560105,0.299454317096775,-0.22634856376727674,0.41661466762958999,0.96123783680611163)</Transform>
						<Name>biped_bone28</Name>
					</Element>
					<Element index="40">
						<Transform rawdata="NdczP+5JDL9SfOi+bOssv9j8n74a/Cq/I4JlPrCiRj/T9Ba/HRYoP8MsST9ZQMG+">(0.70250257712304265,-0.54800310133217822,-0.45407347401291193,-0.67546722734259768,-0.31247592304075827,-0.66790923668207647,0.22412923839394705,0.77591994179690027,-0.58967324150974632,0.65658744252971402,0.78583926611646804,-0.37744407001772418)</Transform>
						<Name>biped_bone15</Name>
					</Element>
					<Element index="41">
						<Transform rawdata="sVzxPQwXDb8xeFM//sBhPwMUpr7LOK++hMLpPlLPRD+gROU+YpwovQfkSD90soQ/">(0.11785257238099381,-0.55113291832628086,0.82605272725739842,0.88185106484177078,-0.32437141347206772,-0.34223016643449045,0.45656214668282574,0.76878845754816705,0.44778919879146079,-0.04116476420005405,0.78472940941824298,1.03669591853423793)</Transform>
						<Name>biped_bone16</Name>
					</Element>
					<Element index="42">
						<Transform rawdata="8c5kv5jZ1T5eUic+xqXQPr6oGj8ATy8/oc0/PgG8LT8bzjW/EzEov5UVqr8xq4S/">(-0.89378268733197963,0.41767573508681416,0.16340014246668336,0.40751475645877749,0.60413731524547332,0.68479922374758095,0.1873078511274103,0.67864998335209736,-0.71017615996176731,-0.6569987906859206,-1.32878364463294285,-1.03647440335928365)</Transform>
						<Name>biped_bone02</Name>
					</Element>
					<Element index="43">
						<Transform rawdata="RyDMPlaNmz55hF0/ywkwP812Bj/YUQC/V1Ybv0l8Sz/qAQE66zSQv3v9mL+GxSc/">(0.39868376652229071,0.30381269458869431,0.86530262416748693,0.68764944597584976,0.52525026978011113,-0.50124885153686549,-0.60678620103023651,0.79486521873761617,0.0004921244564434,-1.12661490334772774,-1.19523560854460142,0.65535772535580539)</Transform>
						<Name>biped_bone03</Name>
					</Element>
					<Element index="44">
						<Transform rawdata="/s5kP3PZ1T7TUSe+h6XQPsqoGr8ATy8/xc0/PvC7Lb8ezjW/JDAov8oVqj9Dq4S/">(0.89378343766735624,0.41767462598047683,-0.16339807064082223,0.40751286773047191,-0.6041380372711006,0.68479916623859771,0.18730837991293922,-0.67864896926094109,-0.71017635638932997,-0.65698453989839989,1.32878993319682737,-1.03647653322031386)</Transform>
						<Name>biped_bone04</Name>
					</Element>
					<Element index="45">
						<Transform rawdata="6x/Mvj+Nmz6QhF2/3gkwP9d2Br+tUQC/YFYbvzt8S7/dugA6IzWQv5/9mD+JxCc/">(-0.3986810171348022,0.30381199271679987,-0.86530397062545406,0.68765056540080116,-0.52525087828650341,-0.50124629036098212,-0.60678673887974688,-0.79486433503064935,0.00049106572188064,-1.12662163724252418,1.19523993337789847,0.65534263887880939)</Transform>
						<Name>biped_bone05</Name>
					</Element>
					<Element index="46">
						<Transform rawdata="XixxNQAAgL9EzjA1g8IXP/2tjjXVKk4/1SpOvxnUsrSDwhc/aM8/v0vFqLMancq/">(0.00000089844058989,-0.99999999999937939,0.00000065865265359,0.59281176358404708,0.00000106304617271,0.80534105381213583,-0.80534105381233634,-0.00000033309405029,0.59281176358463439,-0.7492585196576208,-0.00000007858996656,-1.58291936298313263)</Transform>
						<Name>biped_bone31</Name>
					</Element>
					<Element index="47">
						<Transform rawdata="7yWFNQAAgL8yDgg1wbY2P/2tjjUMTzM/DE8zvxzUsrTBtjY/Zc+Gv9rDqLNlt7i/">(0.00000099203123314,-0.99999999999937961,0.00000050684603676,0.71372610401469272,0.00000106304617457,0.70042490564433657,-0.70042490564444082,-0.00000033309413572,0.71372610401530445,-1.05320422786093193,-0.00000007858734992,-1.44309675528847858)</Transform>
						<Name>biped_bone30</Name>
					</Element>
				</Bones>
			</Entity>
		</Root>
	</SSkinSkeletonData>
</Resource>
