<?xml version="1.0" encoding="utf-8"?>
<Resource>
	<Version>1</Version>
	<SSkinSkeletonData>
		<Root>
			<Sub/>
			<Entity type="SSkinSkeletonData">
				<Bones count="29" ordered="true">
					<Element index="0">
						<Transform rawdata="yTO2OBU8ALr8/38/5RQjP0BVRT92rag5QVVFv+MUIz8ffsY5zs+rvnlRhr9PWx26">(0.00008688082247333,-0.00048917656482138,0.99999975736961966,0.63703757011028928,0.77083206801883386,0.00032172694322759,-0.77083213026317654,0.6370374635344942,0.00037859469019082,-0.33556980909048378,-1.04936132297760798,-0.00060026806105934)</Transform>
						<Name>Bone004</Name>
					</Element>
					<Element index="1">
						<Transform rawdata="nGGIvlxCBDwIvnY/VF+UPqxRdD8cppM9uVVrv8zWmD4mW4O+CnBoPo/3l7/x+hw/">(-0.26636969616567668,0.00807246207536659,0.96383716003796316,0.28978979909526426,0.95437118723370495,0.07209417025170599,-0.91927676602917185,0.29851377243633254,-0.25655478858456765,0.22698990030658128,-1.18724234620878111,0.61320408662397508)</Transform>
						<Name>Bone017</Name>
					</Element>
					<Element index="2">
						<Transform rawdata="veJnPrPLtrzJSHm/ca+lPib0cL8NS8Y9ly9rv5SQrL7Q3FK+vmlCPuMDYz8PWQ4/">(0.22645087423528934,-0.02231392888696782,-0.97376684263973345,0.32360413503885804,-0.94122541309356544,0.09682283235322545,-0.91869492506698114,-0.33704055169591551,-0.20592046253834961,0.18985649290414286,0.88677807270145448,0.55604642238495083)</Transform>
						<Name>Bone011</Name>
					</Element>
					<Element index="3">
						<Transform rawdata="7V+IPhPqA7xIvnY/tF6UPqVRdD9ArpO9AVZrv8PWmD7IWIM+hjlnPlv2l7/MEx6/">(0.26635686969560501,-0.00805141332222041,0.96384093421120343,0.28978502969906894,0.95437082054955169,-0.07210969985867598,-0.91928107826422389,0.29851351650345859,0.25653670915443688,0.22580537632706099,-1.18720572342594011,-0.6174895924793502)</Transform>
						<Name>Bone029</Name>
					</Element>
					<Element index="4">
						<Transform rawdata="eFOVOvP/fz9HJcw2WU3BPvWN3rnPDW2/xQ1tv2STijpgTcG+n7UsvcSt8TcKW5s/">(0.00113926732733269,0.99999923180721739,0.00000608401326191,0.37754324279517382,-0.0004244890569904,-0.92599193075854769,-0.92599138241577783,0.00105724901509823,-0.37754345887903118,-0.04216539305274142,0.00002881035444612,1.21371583648942893)</Transform>
						<Name>Bone015</Name>
					</Element>
					<Element index="5">
						<Transform rawdata="vplotWa4gjr4/3+/Vn6+vD/ufz8HsII6R+5/P1B+vjxxRrs3iBIoQGvLZ7/mIrE6">(-0.00000086650459562,0.00099731682337619,-0.99999950267907789,-0.023253601464774,0.99972910124479386,0.00099706729670515,0.99972959845058429,0.02325359076423487,0.0000223249380843,2.62613105384379963,-0.90544768980272328,0.00135144283024058)</Transform>
						<Name>Bone008</Name>
					</Element>
					<Element index="6">
						<Transform rawdata="XgYwthIg5brp/3+/EMgrvitffD8U0uG6RF98P//HKz6NGpu5eNxcQEb60b5cVEI7">(-0.0000026229750889,-0.00174808707169492,-0.9999986509048806,-0.16775537210714173,0.98582714855765408,-0.00172287461562627,0.98582865403796949,0.167755111273174,-0.00029583685014024,3.45095624125981937,-0.41011255737244134,0.00296523334408944)</Transform>
						<Name>Bone025</Name>
					</Element>
					<Element index="7">
						<Transform rawdata="Ytb7Ojwo7Djh/3+/JhhcPU+hfz+NKmI5M6F/P3kYXL00rvo6qYvKP5tqjb/oU+Y7">(0.00192136711561125,0.00011260850835366,-0.9999981478321488,0.05373396722686608,0.99855514445333782,0.00021568890924803,0.99855343828683962,-0.05373427571449205,0.00191254034377229,1.58238705066714402,-1.10481587022912509,0.00702904544062357)</Transform>
						<Name>Bone030</Name>
					</Element>
					<Element index="8">
						<Transform rawdata="JOZnvtigtjycSHm/26+lPir0cL9+Q8a9Sy9rv56QrL7C4VI+/nNDPlH9Yj/AOg2/">(-0.22646385042433034,0.02229349337155761,-0.9737641642866085,0.32360729442941683,-0.94122566973119248,-0.09680841687476352,-0.91869035403996246,-0.33704083363445259,0.20593932586181088,0.19087216160594411,0.88667781766679443,-0.55167769956687207)</Transform>
						<Name>Bone016</Name>
					</Element>
					<Element index="9">
						<Transform rawdata="awNetwAAgD/FRp84dZoGPTYaoDib3H+/mdx/vygFNLd3mga9AxVBvzucxrj3yY4/">(-0.00001323302683952,0.99999999702832398,0.00007594892952126,0.03286214439241737,0.0000763427702529,-0.99945995040361835,-0.99945977451435353,-0.0000107300362999,-0.03286215118121749,-0.75422684312155164,-0.00009470475612551,1.11553844802188462)</Transform>
						<Name>Bone020</Name>
					</Element>
					<Element index="10">
						<Transform rawdata="/VhzvBFPn7v/93+/WmQ+vhyJez9kGAS744F7P41WPj796X28be6EQJHVqr4N22y9">(-0.0148527595523748,-0.00486172039060374,-0.99987787211753587,-0.18592968221088324,0.98256086435178203,-0.00201561396886751,0.98245066562555849,0.18587703758287763,-0.01549768208594838,4.15410458298802077,-0.33366064196968526,-0.05782609094291759)</Transform>
						<Name>Bone010</Name>
					</Element>
					<Element index="11">
						<Transform rawdata="pll/u2Ren7u0/n+/z1s+vhuJez+I24S7IIl7P71WPj4iE5u7l+ugQDnVqr7EqTK7">(-0.00389633474860707,-0.0048635471115001,-0.99998022442775647,-0.18589709728722367,0.98256084066003835,-0.00405449038049439,0.9825611291621289,0.18587775636404935,-0.00473250523663181,5.02875835099462609,-0.3336580230554973,-0.00272618320399025)</Transform>
						<Name>Bone003</Name>
					</Element>
					<Element index="12">
						<Transform rawdata="uw42P0nV+jak+TO/gqydtgIAgD+dSsU2nfkzPyioa7XCDjY/zdYLQFIxa78OQa2/">(0.71116227477685323,0.00000747541028059,-0.70302797329192424,-0.0000046990473875,1.00000029799498646,0.00000587974354264,0.7030275542787372,-0.00000087789018862,0.71116269867773529,2.18498536706513002,-0.91872130720657796,-1.35354776976181657)</Transform>
						<Name>Bone007</Name>
					</Element>
					<Element index="13">
						<Transform rawdata="FXxLP5US+jaaVhu/oF21tgIAgD9ai642llYbP4CAZbUafEs/i6evP1Uxa78TP4i/">(0.79486207538354647,0.00000745274361481,-0.60679020253139282,-0.00000540511967624,1.00000029799517565,0.00000520182691454,0.60678994938051622,-0.00000085496137595,0.79486240704386468,1.37230053653397421,-0.91872151227348731,-1.06442484661130798)</Transform>
						<Name>Bone019</Name>
					</Element>
					<Element index="14">
						<Transform rawdata="vDIkP3YOhL3KtUO/WU2HPsY8dD8cohA+2WI4P0XSlb4RBCE/GyCHPwJBlb8J4Cu/">(0.6413991322598378,-0.06448070524306071,-0.76449261487148423,0.2642619766609432,0.95405233451616778,0.14124339272923261,0.72025831864146106,-0.29261985861456463,0.62896828807083738,1.05566728591273495,-1.16604641361557726,-0.6713872441078067)</Transform>
						<Name>Bone028</Name>
					</Element>
					<Element index="15">
						<Transform rawdata="quZ0P27F9jamH5W+8/nktgIAgD+JXD42oB+VPr3nQrWz5nQ/hNABP10xa7+kwwS/">(0.95664462704558906,0.00000735435513382,-0.29125707163900916,-0.00000682402731762,1.00000023839132912,0.00000283660680032,0.29125689804921562,-0.00000072607852781,0.95664519727448794,0.50708795616820934,-0.91872197025245195,-0.51861023623549518)</Transform>
						<Name>Bone018</Name>
					</Element>
					<Element index="16">
						<Transform rawdata="QrNQPxrwjb0WMRO/LsxuPnCzcj87kV0+zLQHPxz3nr7t/kk/+/x8Pg3glr/o+si+">(0.81523524483361909,-0.0693056104153765,-0.57496774952997576,0.23320075302387472,0.94805049496513938,0.21637432099415888,0.53010250513615798,-0.31047903275410971,0.7890461097919208,0.24705879091852354,-1.17871247933616541,-0.39253925525875882)</Transform>
						<Name>Bone024</Name>
					</Element>
					<Element index="17">
						<Transform rawdata="CJ8kO87/fz9imxC6C4MVPn+nOzmvQX0/eUF9P7IiKLvNghW+ftcOPy6Q3LufcZ+/">(0.00251192047954035,0.99999699099580608,-0.00055163180340147,0.14600770731462467,0.00017896106851414,0.98928349528618187,0.98928026345431119,-0.00256554457845063,-0.14600678363010772,0.55797562721429239,-0.006731054954753,-1.24565488752010034)</Transform>
						<Name>Bone014</Name>
					</Element>
					<Element index="18">
						<Transform rawdata="klg0v5XfsD0DVzS/y3+CPh8HdT8z2Qy+w5EpP/eKjb5jQDK/ADlDPrGAmL/sZcU+">(-0.70447645206476384,0.08636395154755644,-0.70445270189037978,0.25488122756653991,0.95713990063209953,-0.13754730463597126,0.66238038396759824,-0.27645085374760631,-0.69629494680755455,0.19064712379510401,-1.19142739568099487,0.38554321437905104)</Transform>
						<Name>Bone006</Name>
					</Element>
					<Element index="19">
						<Transform rawdata="4MYcvxnriz0In0m/8UV4Phrodj+swta9FaBAP/Slgr7Pchu/Qn6CP0fElL/OqgM/">(-0.61240957007587027,0.06831950962252949,-0.78758287558708995,0.24245430045308464,0.96447906385245319,-0.10486349328616604,0.75244265817024558,-0.25517236845551489,-0.60722060394702726,1.01947813342977467,-1.16223986598738804,0.51432501918895457)</Transform>
						<Name>Bone023</Name>
					</Element>
					<Element index="20">
						<Transform rawdata="vlZLv6Pw7TZrhxu/ooXBNgAAgD8Io4o2ZocbP+iAbrTEVku/C4+vP10xa7/pRIg/">(-0.79429233182508741,0.00000709116429242,-0.60753506191951745,0.00000576740531117,0.9999999999748328,0.00000413169967782,0.60753477223840635,-0.00000022212373022,-0.79429271059404827,1.37155276962038752,-0.91872194468871593,1.06460298982284751)</Transform>
						<Name>Bone005</Name>
					</Element>
					<Element index="21">
						<Transform rawdata="deM1vxwA8DZRJTS/OE2uNgAAgD/KEaU2RSU0P8zuK7SA4zW/QMoLQGAxa7+7Q60/">(-0.71050194407433742,0.00000715257017214,-0.70369438404902585,0.00000519459358741,1.00000005957905591,0.00000491945400827,0.70369371297166261,-0.00000016012489864,-0.71050262168068368,2.18421934136614659,-0.9187221525616629,1.3536294312064614)</Transform>
						<Name>Bone012</Name>
					</Element>
					<Element index="22">
						<Transform rawdata="t9R0v3dk9zY8lZW+eirrNgAAgD9u7xk2NZWVPtz0HDTD1HS/q6YBP2cxa7+53wQ/">(-0.95637079142977788,0.00000737286919825,-0.29215420187269653,0.00000700849052276,0.99999999997280975,0.00000229381433887,0.29215399291679528,0.0000001461771145,-0.95637147550530521,0.50644939153677582,-0.91872254162295919,0.51903874179962828)</Transform>
						<Name>Bone021</Name>
					</Element>
					<Element index="23">
						<Transform rawdata="LZD4PBqc3DbY4X+/0SqGtgEAgD98o9g2z+F/P4IQfzY2kPg8syWEPzhyaL/jkSnA">(0.03034218614734675,0.00000657468336205,-0.99953986751681845,-0.00000399849564989,1.00000017878513026,0.00000645633364438,0.99953933133560291,0.00000380075698798,0.03034220244958254,1.03240050256252447,-0.90799286795975265,-2.64952927495442703)</Transform>
						<Name>Bone009</Name>
					</Element>
					<Element index="24">
						<Transform rawdata="F5sBPQr9oTY133+/SzmetgAAgD+DD502Kd9/P8gsmTYdmwE96dF2P09yaL+ICz5A">(0.03164204659220692,0.00000482763138558,-0.99949962215501387,-0.00000471543688398,1.00000005958257598,0.00000468077041751,0.99949890725796597,0.00000456496850029,0.03164206924643636,0.9641404761197544,-0.90799420030162381,2.96945379467456627)</Transform>
						<Name>Bone022</Name>
					</Element>
					<Element index="25">
						<Transform rawdata="EjjIPE+nnjZy7H+/kxaVtv7/fz9dDps2YOx/PwlBkTYgOMg8Pe+0P0xyaL/0ZT1A">(0.02444079855363936,0.00000472824442251,-0.99970163614852803,-0.00000444317420802,0.99999988077017687,0.00000462103215814,0.99970056358710668,0.00000432890784145,0.02444082479628706,1.41355101096353342,-0.90799404648523008,2.95934763576560567)</Transform>
						<Name>Bone002</Name>
					</Element>
					<Element index="26">
						<Transform rawdata="d0ajMgAAgL/kJCK0eC3fvngICTRCZma/QmZmP5cXsjN4Ld++H1gvP//aEzttk70/">(0.00000001900774178,-0.99999999999998845,-0.00000015100846579,-0.43589378557238406,0.00000012762199895,-0.89999785047652892,0.8999978504765378,0.0000000829306181,-0.43589378557237651,0.68493838387231587,0.00225609525449714,1.48106153114564099)</Transform>
						<Name>Bone013</Name>
					</Element>
					<Element index="27">
						<Transform rawdata="mP4EPXDdf783aJm20BxStjwTljb8/3+/cN1/P5j+BD2NQUi2rS4yP7njFz0BC/Y/">(0.03246936158023441,-0.99947261199051041,-0.00000457188771211,-0.00000313092101201,0.00000447258749464,-0.99999976156657433,0.99947261199606308,0.03246936159406473,-0.00000298404774125,0.69602474388647095,0.03708240852464928,1.92221084435695544)</Transform>
						<Name>Bone026</Name>
					</Element>
					<Element index="28">
						<Transform rawdata="wCTJPDjsf7+J71W2lY7HtpEyTDb8/3+/P+x/P7skyTxm/cS2LhRgP0EH9zzrCvY/">(0.02455365715694965,-0.99969815602400003,-0.00000318789016817,-0.00000594726102842,0.00000304278020641,-0.99999976155916337,0.99969857311799182,0.02455364693078054,-0.00000587075485144,0.87530789122980335,0.03015482571211426,1.9222082206243265)</Transform>
						<Name>Bone001</Name>
					</Element>
				</Bones>
			</Entity>
		</Root>
	</SSkinSkeletonData>
</Resource>
