<?xml version="1.0" encoding="utf-8"?>
<Resource>
	<Version>1</Version>
	<SSkinSkeletonData>
		<Root>
			<Sub/>
			<Entity type="SSkinSkeletonData">
				<Bones count="9" ordered="true">
					<Element index="0">
						<Transform rawdata="EdUHupgZcbj+/3+//v9/v9NmADMR1Qc6PFHzLgAAgD+aGXG4zwdxQP9YAbTH1Ai7">(-0.00051815905993331,-0.00005748271300795,-0.99999986410345398,-0.99999986575558542,0.00000002989584046,0.00051815905907089,0.00000000011064791,0.99999999834786846,-0.00005748272078202,3.76610149930207339,-0.0000001204643719,-0.00208787780247265)</Transform>
						<Name>Bone009</Name>
					</Element>
					<Element index="1">
						<Transform rawdata="N/WdOzhDSbc9/3+/Pf9/v1t3dLQ39Z27IF82tAAAgD9VR0m3KLjnQLsCkzUzfhI9">(0.00482049167351089,-0.00001199618374642,-0.99998838129056122,-0.9999883813625019,-0.00000022767692046,-0.0048204916711264,-0.00000016984677131,0.99999999992801969,-0.00001199714188181,7.24122995475858833,0.00000109531476103,0.03576488445644792)</Transform>
						<Name>Bone010</Name>
					</Element>
					<Element index="2">
						<Transform rawdata="HUadPdmqqr6WjnC/6Ql/vz7cRjxKj6+9oMEjPchWcT+fjKm+GoYTQHFsTr6AhqI/">(0.07679389012485498,-0.33333472322203023,-0.93967571470514066,-0.99624499664175425,0.01213747083409572,-0.08572251795537238,0.03997957837729128,0.94273041963025872,-0.33115096661528448,2.3050600264980643,-0.20158554577390336,1.26972957865534219)</Transform>
						<Name>Bone004</Name>
					</Element>
					<Element index="3">
						<Transform rawdata="ViPGvVfkAD9Jy1u/15R+vwsVWbzJldU9dXooPb4oXT+AgQA/LVUUQHCnnD1tzLC/">(-0.09674708791655508,0.50348420509550085,-0.85857061936559442,-0.99445859017357108,-0.01324964576659675,0.10428960140541076,0.04113240803944544,0.86390290039778872,0.50197602749767223,2.31769870224958474,0.07649123673177893,-1.38123857747287793)</Transform>
						<Name>Bone006</Name>
					</Element>
					<Element index="4">
						<Transform rawdata="L20Gu9v0f781I5a8SXt+v48ahDurkt69tK/evb5rk7zDcH4/EFASQLKtxLyAg7Q/">(-0.00205118546886349,-0.99982993627568084,-0.0183273348902267,-0.99406869251932473,0.00403148657209176,-0.10867818308290335,-0.10873356782776999,-0.01799571179439714,0.99390808454651425,2.28613671741707769,-0.02400860553735363,1.41026310178916603)</Transform>
						<Name>Bone008</Name>
					</Element>
					<Element index="5">
						<Transform rawdata="WoioNMBmZjQAAIC/AACAvyaulylaiKi0AACAjwAAgD/AZmY0AACAPyaul6laiKg0">(0.00000031391647332,0.00000021457799455,-0.99999999999992772,-0.99999999999995082,0.00000000000006736,-0.00000031391647332,-0,0.99999999999997702,0.00000021457799455,0.99999999999995082,-0.00000000000006736,0.00000031391647332)</Transform>
						<Name>Bone002</Name>
					</Element>
					<Element index="6">
						<Transform rawdata="wmP4u2Tpf78cAc480GpKv70zrzyOoRw/+bYcP+DIeTyOY0o/xwmdP1V647wbjxK/">(-0.00758025120983073,-0.9996550242693959,0.02514701277287996,-0.79069230613273478,0.02138697523270518,0.61184013340239629,0.61216691843270454,0.01524564670157987,0.79058160799928701,1.22686085623300323,-0.02776829327556926,-0.57249611368004039)</Transform>
						<Name>Bone007</Name>
					</Element>
					<Element index="7">
						<Transform rawdata="z68KP4DPAD+KXSw/WEJIvygdDzyUdR8/M3WdvqQ4XT8+88u+CbmcP4m6tTzcBSS/">(0.54174514769659843,0.50316620726787531,0.67330227006876864,-0.78226230333376701,0.00873497900227531,0.62288786252437733,-0.30753478715684118,0.86414551321261346,-0.39834015997556071,1.22439680902764891,0.02218367381455207,-0.64071441780699712)</Transform>
						<Name>Bone005</Name>
					</Element>
					<Element index="8">
						<Transform rawdata="4K8Kv++f2L5X7jm/UUJIv+hsf72RrB4/LHWdvmdoZz8KKZi+LGiUP4geqj3xKia/">(-0.54174615876710397,-0.42309519509335786,-0.72629304714874121,-0.78226190937496953,-0.0623597194217908,0.61982065428867517,-0.30753458961784269,0.90393679053490728,-0.29718809898876369,1.1594290658128783,0.08306604791539876,-0.6490927561675478)</Transform>
						<Name>Bone003</Name>
					</Element>
				</Bones>
			</Entity>
		</Root>
	</SSkinSkeletonData>
</Resource>
