<?xml version="1.0" encoding="utf-8"?>
<Resource>
	<Version>1</Version>
	<SSkinSkeletonData>
		<Root>
			<Sub/>
			<Entity type="SSkinSkeletonData">
				<Bones count="41" ordered="true">
					<Element index="0">
						<Transform rawdata="+ek1u7ifoTq0/3+/CNbPPqP1aT8oviQ0WPVpP83Vz75TDke7JB1Kvx4NbcASBwG9">(-0.00277578678901895,0.00123309248137617,-0.99999544683831465,0.40592981168151343,0.91390434282480304,0.00000015342869196,0.91389990949631716,-0.40592803557714435,-0.00303735278103134,-0.7895071470928251,-3.70392568466205141,-0.03150088155498007)</Transform>
						<Name>Bone_22</Name>
					</Element>
					<Element index="1">
						<Transform rawdata="+uk1u8ufoTq1/3+/FtbPPqH1aT+P0yU0WPVpP9nVz75WDke7Hn4sPR8NbcAUBwG9">(-0.00277578685480768,0.00123309466326113,-0.99999550644129043,0.40593021297931742,0.91390425129334096,0.00000015443787544,0.91389992691060173,-0.40592838847938961,-0.00303735342449337,0.04211246225573739,-3.70392574989272205,-0.0315008918014388)</Transform>
						<Name>Bone_23</Name>
					</Element>
					<Element index="2">
						<Transform rawdata="qkoZvwItiD4rZUG/LdbPPpf1aT93Yoazn74wP5sCnb6Yuye/+Qo+v0NkbsAWwtg9">(-0.59879554202013952,0.26596838927536054,-0.75544993518708359,0.40593091252687424,0.91390366820931035,-0.00000006257771861,0.69040865603004054,-0.30666050075172852,-0.65520619426810267,-0.7423549339680573,-3.72486953578919966,0.1058389360218589)</Transform>
						<Name>Bone_24</Name>
					</Element>
					<Element index="3">
						<Transform rawdata="TEyjJQAAgD81+g60AACAv0xMoyXZZzaaAAAAADX6DjQAAIA/psg4QFnKx6YKjZkm">(0.00000000000000028,0.99999999999999112,-0.00000013315805347,-1,0.00000000000000028,-0,0,0.00000013315805347,0.99999999999999112,2.88724660873413086,-0.00000000000000139,0.00000000000000107)</Transform>
						<Name>Bone_01</Name>
					</Element>
					<Element index="4">
						<Transform rawdata="8+oJtAAAgD8RkN01JWJ/PwgmajK8D449vA+OPZQ53jUlYn+/xlg4wPVjsbS42gu8">(-0.00000012844592883,0.99999999999862921,0.00000165077116162,0.99759134150531137,0.0000000136292404,0.06936594670970191,0.06936594670958432,0.00000165570459372,-0.99759134150394568,-2.88041825135285867,-0.00000033041548798,-0.00853603346969925)</Transform>
						<Name>Bone_02</Name>
					</Element>
					<Element index="5">
						<Transform rawdata="8+oJtAAAgD8RkN01JWJ/PwgmajK8D449vA+OPZQ53jUlYn+/fCH1v+HwPrQz2wu8">(-0.00000012844592883,0.99999999999862921,0.00000165077116162,0.99759134150531137,0.0000000136292404,0.06936594670970191,0.06936594670958432,0.00000165570459372,-0.99759134150394568,-1.91508432666725059,-0.00000017782759511,-0.00853614781202297)</Transform>
						<Name>Bone_03</Name>
					</Element>
					<Element index="6">
						<Transform rawdata="8+oJtAAAgD+7v4m0JWJ/PxuyHDS7D449vA+OPT2ihLQkYn+/3SJzv+wrkbST2wu8">(-0.00000012844592883,0.99999999999995881,-0.00000025657739841,0.99759134150531137,0.00000014593426426,0.06936594257501713,0.06936594670958433,-0.00000024704960343,-0.99759128204421144,-0.94975070238790027,-0.00000027040311286,-0.0085362377222798)</Transform>
						<Name>Bone_04</Name>
					</Element>
					<Element index="7">
						<Transform rawdata="tghpv70Dzz5F97U9K9bPPpf1aT+cdIu0rUymve26Ez3O/H6/OaUzv9WLb8AwGXK9">(-0.91028914281030637,0.40432539114974392,0.08885053751623349,0.40593083875943375,0.91390366873399687,-0.0000002597561218,-0.08120093723106894,0.03606693676501373,-0.99604496985979951,-0.70173984956236279,-3.74290960156133412,-0.05910605167225175)</Transform>
						<Name>Bone_26</Name>
					</Element>
					<Element index="8">
						<Transform rawdata="404Zv8kwiD4qYUE/NNbPPpj1aT9mYAk08rowv2L/nD46wCe/Ya9Cv0/gbcApZJK7">(-0.59885996263847896,0.26599718880089063,0.75538885162248981,0.40593111300660717,0.91390373183349272,0.00000012794188294,-0.69035257415458129,0.30663591391117123,-0.65527688960754604,-0.76048855922298486,-3.71681568943119878,-0.00446750663147072)</Transform>
						<Name>Bone_28</Name>
					</Element>
					<Element index="9">
						<Transform rawdata="4U4Zv8cwiD4tYUE/MdbPPpj1aT87QVA077owv2T/nD48wCe/iNtDPVPgbcAdZZK7">(-0.59885981985917158,0.2659971342398017,0.75538900590932456,0.40593101622511102,0.91390373183348095,0.00000019395239952,-0.69035240956174082,0.30663596124125764,-0.65527698463215822,0.04781678298063519,-3.71681659574773438,-0.00446761991101896)</Transform>
						<Name>Bone_29</Name>
					</Element>
					<Element index="10">
						<Transform rawdata="0Zdyuy+B1zp4/38/K9bPPpz1aT/znUcyHPVpv77Vzz4tuYS70ycivwd9ccALIBw9">(-0.00370167583919403,0.00164416982059332,0.99999191632595719,0.40593084276675512,0.91390396081248859,0.00000001161923782,-0.9138963007292753,0.40592758559232134,-0.00405039521058602,-0.63342016658073086,-3.77325615330070718,0.0381164972827998)</Transform>
						<Name>Bone_30</Name>
					</Element>
					<Element index="11">
						<Transform rawdata="OgoYP2oQh74Zk0I/P9bPPpX1aT9R6rCzidIxv8r3nT79XCY/3Zs2v5s3b8AzEoI9">(0.59390606658772116,-0.26379709277175106,0.76005702280517984,0.40593145775840889,0.91390352423115584,-0.00000008238260807,-0.69461877002600103,0.30853110417435348,0.64985638573804883,-0.71331579246206167,-3.73776893858310055,0.0635112766342647)</Transform>
						<Name>Bone_32</Name>
					</Element>
					<Element index="12">
						<Transform rawdata="ypdyuzOB1zp5/38/JtbPPpz1aT+g7T8yFvVpv77Vzz4uuYS7Qky2PQp9ccAOIBw9">(-0.00370167438335404,0.00164417028456367,0.99999197592985634,0.40593070438008111,0.91390395779857425,0.00000001117169332,-0.91389597088120311,0.40592759237595744,-0.00405039551969639,0.08901264095983374,-3.77325675162193086,0.03811650737308463)</Transform>
						<Name>Bone_31</Name>
					</Element>
					<Element index="13">
						<Transform rawdata="PQoYP2IQh74Zk0I/MNbPPpv1aT/9pHWzjNIxv7/3nT7+XCY/zI62PZ83b8AoEoI9">(0.59390620850553844,-0.26379685648285539,0.76005705559572789,0.40593098550529882,0.91390389741194034,-0.00000005719356445,-0.69461892466680808,0.3085307803655799,0.64985643910670721,0.08913955131675855,-3.73776985723576471,0.0635111950481031)</Transform>
						<Name>Bone_33</Name>
					</Element>
					<Element index="14">
						<Transform rawdata="avRoP8Txzr7+lb09PdbPPpb1aT+D7wSzY0OtvffqGT2Y5n4/St4VPgGAcMBT+Yg9">(0.90997944993871971,-0.40418827700669469,0.09257124199815767,0.40593137128602447,0.91390358413375561,-0.00000003095147961,-0.08460118742485177,0.03757759489157404,0.99570606363269565,0.14635577572347608,-3.75781274813728805,0.06688179722064436)</Transform>
						<Name>Bone_19</Name>
					</Element>
					<Element index="15">
						<Transform rawdata="a/RoP77xzr4Blr09OdbPPpX1aT+iOKezZEOtvQHrGT2Y5n4/fA4rv/5/cMBw+Yg9">(0.90997950360966151,-0.40418810263982957,0.09257126535958347,0.40593124942976216,0.91390352931321106,-0.00000007786844929,-0.08460119482210662,0.03757763130819609,0.99570606146077045,-0.6681897534930139,-3.75781202223314637,0.06688201440716651)</Transform>
						<Name>Bone_18</Name>
					</Element>
					<Element index="16">
						<Transform rawdata="OkIYPxxCh76lXkK/HtbPPpr1aT+bluO0oqIxPxHNnb5AmiY/MklEv8qybcB7cSm+">(0.5947605520955459,-0.26417625166418207,-0.75925663622211959,0.40593046970154623,0.91390385415297604,-0.00000042391623546,0.69388784355894551,-0.30820515083700678,0.65079115078030658,-0.76674185011275831,-3.71403746134551005,-0.16547196137886033)</Transform>
						<Name>Bone_20</Name>
					</Element>
					<Element index="17">
						<Transform rawdata="OkIYPx9Ch76oXkK/ItbPPpv1aT+F9Ni0oqIxPxXNnb5CmiY/XqhYPM+ybcCUcSm+">(0.59476052950786051,-0.26417633754312803,-0.75925681601365713,0.40593057349449613,0.91390391699689422,-0.00000040411045254,0.6938878022000089,-0.30820527766414574,0.65079130737530744,0.01322373586189662,-3.71403864378514825,-0.16547233551665741)</Transform>
						<Name>Bone_21</Name>
					</Element>
					<Element index="18">
						<Transform rawdata="LHLlNAAAgL8BbS21JBJaP2tO3DL3FwY/9xcGv7zST7UkElo/hrz0v/qH87wcXC/A">(0.00000042737645826,-0.99999999999970002,-0.00000064606145329,0.85183932256590034,0.00000002564703073,0.52380317728176051,-0.52380317728158676,-0.00000077420169744,0.85183932256565575,-1.91200323404932959,-0.02972792522826692,-2.73999689111364786)</Transform>
						<Name>Bone_38</Name>
					</Element>
					<Element index="19">
						<Transform rawdata="31FtP24PwD1s5Lm+9uOwPhILF79W0Do/yUcVvkBLTb/jUBS/rJjqvpdC/j72lKC/">(0.92703048499627416,0.09377942771805541,-0.36307083319575972,0.34548919638851194,-0.59001264019401278,0.72974143277813286,-0.1457816556124506,-0.80192946134690002,-0.57935924138547656,-0.45819603811356951,0.49660177887445467,-1.25454596634749938)</Transform>
						<Name>Bone_17</Name>
					</Element>
					<Element index="20">
						<Transform rawdata="KAlUP2yF2j5q5Lm+654JP49O2L5R0Do/wNshPoKyTL/pUBS/6Zlxvyerlj71lKC/">(0.82826473876253282,0.42679918316129151,-0.36307077513245212,0.53758115914695337,-0.42247434849762378,0.72974117830035656,0.15806484963514225,-0.79959879923767219,-0.5793595983038754,-0.94375475982056367,0.29427453609345972,-1.25454583244395845)</Transform>
						<Name>Bone_16</Name>
					</Element>
					<Element index="21">
						<Transform rawdata="06MyP9gQHj915Lm+kP8fP17yjb5M0Do/SCizPp1zPL/tUBS/XUqpvyJSWT3xlKC/">(0.69781228346205848,0.61744450596567857,-0.36307110226750022,0.62499333979256144,-0.27723974779986155,0.72974082941800733,0.34991670422026444,-0.73613909142269629,-0.57935983273599578,-1.32258190903043338,0.0530568432159326,-1.25454527584783571)</Transform>
						<Name>Bone_15</Name>
					</Element>
					<Element index="22">
						<Transform rawdata="AHHRPnRQVj9v5Lm+1/kuP45Wj7xR0Do/gsQaP5vyC7/oUBS/B/zJv/CK6b71lKC/">(0.40906524466845323,0.83716511214086453,-0.36307093917056404,0.68349973066086134,-0.0174973277555262,0.72974114361290421,0.60456098303602945,-0.54667062859051985,-0.5793595391962022,-1.57800381555396596,-0.45613814795505747,-1.25454580142879957)</Transform>
						<Name>Bone_14</Name>
					</Element>
					<Element index="23">
						<Transform rawdata="tghpv8wDzz5J97U9PdbPPpT1aT/ceHS0rkymvQG7Ez3Q/H6/rOq+PdOLb8BWGXK9">(-0.91028916396961057,0.40432582891648805,0.08885056272227253,0.40593137819205405,0.91390347212047218,-0.00000022768239447,-0.08120093950952069,0.03606701122360421,-0.99604508729399654,0.09322103663685995,-3.74290929566147224,-0.05910619506302754)</Transform>
						<Name>Bone_27</Name>
					</Element>
					<Element index="24">
						<Transform rawdata="qkoZvwMtiD4sZUG/K9bPPpn1aT/1Y5Gznr4wP5sCnb6auye/be2DukhkbsAhwtg9">(-0.5987955551925721,0.2659684093573696,-0.75544999060528839,0.40593085124758443,0.91390379362677288,-0.00000006770271058,0.69040859430270063,-0.30666049830146641,-0.65520631231274418,-0.00100652654206057,-3.72487067021544505,0.10583902288883373)</Transform>
						<Name>Bone_25</Name>
					</Element>
					<Element index="25">
						<Transform rawdata="cqZpswAAgL9VOtC0PalpP3Om6TOuLNG+rizRPlr9ybQ9qWk//0YOwJ4xBLU2sew/">(-0.00000005440092138,-0.99999999999992339,-0.00000038785460789,0.91273862446759169,0.00000010880185242,-0.4085440042455607,0.40854400424557158,-0.00000037623505156,0.91273862446751575,-2.22308325761207293,-0.0000004924603356,1.84915804998834288)</Transform>
						<Name>Bone_05</Name>
					</Element>
					<Element index="26">
						<Transform rawdata="9/8utAAAgD9IPiC0mgeHvrrV2DPL73Y/y+92P7QQUzSaB4c+KKocPx1lIrT7K/6/">(-0.00000016298132817,0.99999999999997558,-0.0000001492381863,-0.2637298630715304,0.00000010097160617,0.96459645495187551,0.96459645495186708,0.00000019656982468,0.26372986307150759,0.61197135617718512,-0.00000015124210057,-1.98571712209545281)</Transform>
						<Name>Bone_36</Name>
					</Element>
					<Element index="27">
						<Transform rawdata="8FV/P1F73DPQcZO90HGTPdWP6TTxVX8/yZUPNP7/f7/J/OQ0SOayPjzMlz4kte+/">(0.99740503463465302,0.00000010266979376,-0.07199442689070651,0.07199442259945328,0.00000043504284253,0.99740509408454336,0.00000013372404339,-0.99999988079062474,0.00000042652234517,0.34941315736718681,0.29648004711100973,-1.87271543668430218)</Transform>
						<Name>Bone_40</Name>
					</Element>
					<Element index="28">
						<Transform rawdata="DJtwswAAgL8QbQW0MPwMP/J+ELQdrlU/Ha5Vv18vurIw/Aw/5LAKv0qaSTTfnwbA">(-0.00000005602036974,-0.9999999999999909,-0.00000012426267437,0.55072308485200139,-0.00000013457227596,0.83468801585447339,-0.83468801585448238,-0.00000002167479209,0.55072308485200383,-0.54176166301716566,0.00000018775713113,-2.10350781077572835)</Transform>
						<Name>Bone_39</Name>
					</Element>
					<Element index="29">
						<Transform rawdata="wZh6v8hinrTcRlE+3EZRPmqnfbTBmHo/fR+BtAAAgD8LhZw0u9gaPfn4fb4mI/i/">(-0.97889332424140363,-0.00000029501666653,0.20437186635035423,0.20437186635042565,-0.00000023623365884,0.97889332424140474,-0.00000024051033165,0.99999999999992861,0.00000029154065834,0.03780434822442501,-0.24802007469122456,-1.93857268102029323)</Transform>
						<Name>Bone_41</Name>
					</Element>
					<Element index="30">
						<Transform rawdata="WnIIvzmbWL86BSq1VWMrP8Ts1753ixw/nHQEv/nfpj7Zjko/ZjlqvzvPVD7cLbK/">(-0.53299484912969197,-0.84611850509618836,-0.00000063337539179,0.66948441485532806,-0.42172826538428043,0.61150309159136507,-0.51740431799158437,0.32592751572973666,0.79124219262652029,-0.91493832162223798,0.20782176592100471,-1.39202453561659034)</Transform>
						<Name>Bone_08</Name>
					</Element>
					<Element index="31">
						<Transform rawdata="9EM0vyTFNb+U5wy18tIPPzWiDr98ixw/Yk7evjx33D7Qjko/NvTtvqb/oT7bLbK/">(-0.70416190767860987,-0.71003935775118687,-0.00000052491052213,0.56181250468921351,-0.55716260802400563,0.61150337152667522,-0.43419175364200158,0.43059718840718175,0.79124167495948827,-0.46475379669576433,0.31640355975012269,-1.39202437545664859)</Transform>
						<Name>Bone_09</Name>
					</Element>
					<Element index="32">
						<Transform rawdata="BTsbvyCRS79FVzc2CBIhPwSm9b6uixw/z/b4vovZvT6zjko/+DU0vmOclz7tLbK/">(-0.6063693034597899,-0.79518315847957721,0.00000273199236424,0.6291813691862771,-0.47978221158994105,0.61150632871184618,-0.48625799126804492,0.37080034131808554,0.79123991682966166,-0.17598711937693018,0.29611500206092883,-1.39202656883310638)</Transform>
						<Name>Bone_10</Name>
					</Element>
					<Element index="33">
						<Transform rawdata="vLC1tAAAgD+jtX427lJ9P1/TbDWwrBO+sKwTvovFeDbuUn2/NYQawMzKu7alsLo/">(-0.00000033842469522,0.99999999999273992,0.00000379546765557,0.98954666653552936,0.00000088224434036,-0.14421343195744185,-0.14421343195974337,0.00000370698653785,-0.98954666652864376,-2.41431930218192381,-0.00000559664299262,1.45851581329004909)</Transform>
						<Name>Bone_11</Name>
					</Element>
					<Element index="34">
						<Transform rawdata="dcCCtQAAgD9rnKs2uet/PzhGYzVFw8s8R8PLPPlerDa363+/cJkUwEHO6rbvg4o/">(-0.00000097417673098,0.99999999998644706,0.00000511440647403,0.99969060939647159,0.00000084666269261,0.02487338610420228,0.02487338906467367,0.00000513705581107,-0.99969049021135437,-2.32186512121531763,-0.00000699775476337,1.08215130647711977)</Transform>
						<Name>Bone_12</Name>
					</Element>
					<Element index="35">
						<Transform rawdata="l4wftgAAgD/aFm42tU9vP6YugTUF1rU+Bta1Pq2diza0T2+/qZIOwBdZzbZkLbo+">(-0.00000237746799324,0.99999999999088041,0.0000035478063927,0.93480996606640021,0.00000096248251805,0.35514846404762801,0.35514848520947373,0.00000416087863169,-0.93480991034114735,-2.22770134545840381,-0.00000611984755123,0.3636275518170683)</Transform>
						<Name>Bone_13</Name>
					</Element>
					<Element index="36">
						<Transform rawdata="gkpNNAAAgL9wnv20Es5+P31JfTTqp8W96qfFPUqH8rQSzn4/K/ANwNNzZ7VnTZo/">(0.00000019119217956,-0.99999999999987021,-0.00000047240201753,0.99533191187940429,0.00000023589196191,-0.09651168014149485,0.09651168014159375,-0.00000045174447095,0.99533191187932024,-2.2177835973575597,-0.00000086222749892,1.20548712966143956)</Transform>
						<Name>Bone_06</Name>
					</Element>
					<Element index="37">
						<Transform rawdata="ILAVNQAAgL8WNh21QKFZP93cMTTkzgY/5M4Gvwd5VLVAoVk/13AJwI7KkLX39/e9">(0.00000055763118449,-0.99999999999967304,-0.00000058565761404,0.85011674957143002,0.00000016564758753,0.52659437075170035,-0.52659437075143101,-0.00000079152269556,0.85011674957124439,-2.14751223984821538,-0.00000107877871353,-0.12107842683041736)</Transform>
						<Name>Bone_07</Name>
					</Element>
					<Element index="38">
						<Transform rawdata="BLyfswAAgD+yLe0z+1VUP++MVitwAA8/cAAPP+X5DjT7VVS/MIPWv6RQ6jwvdiXA">(-0.0000000743821402,0.99999999999999112,0.00000011044484529,0.82943698044633096,0.00000000000076224,0.55860040697923996,0.55860040697923508,0.0000001331569169,-0.82943698044632364,-1.6758785053467542,0.02860290626582687,-2.58533838401744731)</Transform>
						<Name>Bone_37</Name>
					</Element>
					<Element index="39">
						<Transform rawdata="MZLKMQAAgD9i5E40AACAvzGSyjFbtqMmAAAAAGLkTrQAAIA/nP16QK+e6TxI2H+8">(0.00000000589559385,0.99999999999998146,0.0000001926833022,-1,0.00000000589559385,0.00000000000000114,0,-0.0000001926833022,0.99999999999998146,3.92172908799772069,0.02851804942342445,-0.01561553040504511)</Transform>
						<Name>Bone_34</Name>
					</Element>
					<Element index="40">
						<Transform rawdata="XRC3NDX6jrQAAIA/AACAv/97zKldELc0AACADwAAgL81+o600wd3QMifjTS4QdE8">(0.00000034098312091,-0.00000026631610733,0.99999999999990641,-0.99999999999994194,-0.00000000000009081,0.00000034098312091,0,-0.99999999999996447,-0.00000026631610733,3.8598525611242489,0.00000026379553315,0.02554403320011126)</Transform>
						<Name>Bone_35</Name>
					</Element>
				</Bones>
			</Entity>
		</Root>
	</SSkinSkeletonData>
</Resource>
