<?xml version="1.0" encoding="utf-8"?>
<Resource>
	<Version>1</Version>
	<SSkinSkeletonData>
		<Root>
			<Sub/>
			<Entity type="SSkinSkeletonData">
				<Bones count="42" ordered="true">
					<Element index="0">
						<Transform rawdata="Ms9YtQAAgD9vF621/rCmvlL0xrWADXK/fA1yv9qUuLQBsaY+FN8zP8RRhjWjeXk/">(-0.00000080767780244,0.99999999999884215,-0.00000128963240433,-0.32556909695652109,-0.00000148232561752,-0.94551847649824428,-0.94551825106988974,-0.00000034380974601,0.32556917457908136,0.70262262251766794,0.00000100075753695,0.97451230224670748)</Transform>
						<Name>Bip001 Head</Name>
					</Element>
					<Element index="1">
						<Transform rawdata="yKYkvyKH7D1iyEG/lmU+v2tZED7PRyc/o4s6Ppu2ez/1R5y74llZP1v0EL+gijO/">(-0.64316985548183769,0.11549211852587059,-0.75696382445753141,-0.74373755014036558,0.1409661007856618,0.65343947023146309,0.18217330408152393,0.9832551071949851,-0.00476932024010574,0.84902772475724975,-0.56622858350771321,-0.70133397481559701)</Transform>
						<Name>Bone031</Name>
					</Element>
					<Element index="2">
						<Transform rawdata="GYrTtQAAgD/w5xC2a923PoyDwrVs7G6/a+xuv23AFrZr3be+iCRWvoNf3jXA45w/">(-0.00000157609164673,0.99999999999642686,-0.00000215926778918,0.35911114538202432,-0.00000144924113493,-0.93329498419039225,-0.93329492856146401,-0.000002246374888,-0.35911116678315314,-0.20912373764027609,0.00000165680868624,1.22570037286893441)</Transform>
						<Name>Bip001 Neck1</Name>
					</Element>
					<Element index="3">
						<Transform rawdata="Io3HtQAAgD+yaAO2MNdvPr7E0LUM4Xi/C+F4v7uO/7Uw12++fjYcvi135DUWCJ8/">(-0.00000148677307514,0.99999999999697764,-0.00000195814612519,0.23421930564806401,-0.00000155544671513,-0.97218396816015118,-0.97218391021357176,-0.00000190405200629,-0.23421931960560449,-0.15255161432152234,0.00000170220082118,1.24243427798266204)</Transform>
						<Name>Bip001 Neck</Name>
					</Element>
					<Element index="4">
						<Transform rawdata="Gr8Ev9Bv0z7uqz+/WTgUv7YU8z6qsCk/MxMhP1n3Rj8yPei7lQU6P+D4hL/HPze/">(-0.5185409598628542,0.41296243954695011,-0.74871720507053641,-0.57898476931973208,0.47476738238008764,0.66285192434088225,0.62919923030924818,0.77721173135812349,-0.00708737306190197,0.72664768588754813,-1.03884505401957283,-0.71581691931166924)</Transform>
						<Name>Bone033</Name>
					</Element>
					<Element index="5">
						<Transform rawdata="jd7UPtzsnzVQ02g/UNNoP7hdZ7WN3tS+eOGaNAAAgD9Zi8G1+gVtv9fI2r5Nk78+">(0.41576042341350677,0.00000119153582601,0.90947436904487133,0.90947436904560608,-0.00000086190585358,-0.41576042341271346,0.00000028848784282,0.99999999999891875,-0.00000144201763619,-0.92587243501376593,-0.42731353440532283,0.37417070397563651)</Transform>
						<Name>Bone035</Name>
					</Element>
					<Element index="6">
						<Transform rawdata="a97UvljVfjVX02g/UtNoPz0L+bRv3tQ+6zJbNQAAgD9K/jO17gFtv+TI2r7npL++">(-0.41575942264296523,0.00000094932827857,0.90947476989770015,0.90947449885325837,-0.00000046388042532,0.41575954654949399,0.00000081657954567,1.00000005960409033,-0.00000067052736246,-0.92581067635308889,-0.42731392112643968,-0.3743049717138493)</Transform>
						<Name>Bone034</Name>
					</Element>
					<Element index="7">
						<Transform rawdata="GZyStQAAgD8VA861VKvCvdYD27VG136/Rdd+v0O6fLVVq8I9LDIcvligFzbOYLI/">(-0.00000109232779493,0.99999999999822542,-0.00000153490934822,-0.095053343924839,-0.00000163178877135,-0.9954722995380596,-0.9954722402040217,-0.00000094148362735,0.09505334959207425,-0.15253514189147174,0.00000225940849455,1.39357920376512689)</Transform>
						<Name>Bip001 Spine1</Name>
					</Element>
					<Element index="8">
						<Transform rawdata="zKYkP3+F7L1oyEG/mGU+v49ZED7MRye/OIs6Pp22ez+DXpw7olNZP0LzEL/0kTM/">(0.64317012673272811,-0.11548899834947152,-0.75696420223617344,-0.74373770731570887,0.14096663904959547,-0.65343928662280082,0.18217170473122285,0.98325521465415955,0.00477200881885931,0.84893239098296802,-0.56621182551774041,0.70144583151002282)</Transform>
						<Name>Bone030</Name>
					</Element>
					<Element index="9">
						<Transform rawdata="aSyvPlrE+r7zSU2/mpNvP5g3gj5BzHk+fv+sPSN8Vb+bnQs/dy4GwF2Rij/B8328">(0.3421357075092839,-0.48977928011540767,-0.80190965171972894,0.93584597628974997,0.25433038672594083,0.24394323642327329,0.08447168939595442,-0.83392541387231556,0.54537360539683766,-2.09658604660884773,1.08256112273418492,-0.01550001006630475)</Transform>
						<Name>Bip001 L Hand</Name>
					</Element>
					<Element index="10">
						<Transform rawdata="RTiuvgR6/b6tqEw/iOVvP8Drfr7BkXo+L36fPb0ZVT+icww/qKMFwO8mi7+iqIu8">(-0.34027303829658007,-0.4950715347618076,0.79944877811910342,0.93709611707322105,-0.2489461890733192,0.24469662476070184,0.07787739310075753,0.8324240097425849,0.54863941983291076,-2.08811372705913589,-1.087125658332873,-0.01704818367287897)</Transform>
						<Name>Bip001 R Hand</Name>
					</Element>
					<Element index="11">
						<Transform rawdata="N78EP4Jv077uqz+/UzgUv8sU8z6msCm/IRMhP2n3Rj9gU+g7gwA6P+L2hL8KRzc/">(0.51854270344920894,-0.41296011368282659,-0.74871716005315692,-0.57898442155073648,0.47476801442422045,-0.66285167714845006,0.6291981133813167,0.7772126577748022,0.00709001716657044,0.72657029643452109,-1.03878430575975567,0.71592769823261271)</Transform>
						<Name>Bone032</Name>
					</Element>
					<Element index="12">
						<Transform rawdata="NngTv5PNRD+vOo4+KXclv/+iYb46BDu/6xkAv0GyGb+7sh8/44qMPwZ/nD3YE1o+">(-0.57605301401707176,0.76876184276817228,0.2777914597660362,-0.64634948650377311,-0.2203483470610004,-0.73053325084843246,-0.50039546757152098,-0.60037621258060569,0.6238209658619116,1.09798847432645341,0.07641415091787884,0.21296631953232392)</Transform>
						<Name>Bip001 L Forearm</Name>
					</Element>
					<Element index="13">
						<Transform rawdata="qsUTP08URD8L8pC+lHcmvyfGYj4DCjq/ZeP8vrmDGj94OiA/7+6LP9tmoL3GllE+">(0.57723488930539668,0.76593487973780983,-0.2830966317407505,-0.65026209356411968,0.22145901319578262,-0.72671527440160222,-0.49392239335832533,0.60357241941243223,0.62589213817550848,1.09322912628298186,-0.07832118435238691,0.20467672378935686)</Transform>
						<Name>Bip001 R Forearm</Name>
					</Element>
					<Element index="14">
						<Transform rawdata="qODKvpPNRD95ggC/VqASP/uiYb4iIEq/DrQ3v0KyGb/ZvLS+ZAkxv/N+nD3AG48/">(-0.39624522781213256,0.76876183053416558,-0.50199084035433506,0.57275903949994877,-0.22034828274634727,-0.78955280695535413,-0.71759113743539837,-0.60037625185041921,-0.35300329008485615,-0.69154955796468298,0.07641401514289334,1.11803434294039805)</Transform>
						<Name>Bip001 L UpperArm</Name>
					</Element>
					<Element index="15">
						<Transform rawdata="h9TJPlEURD/0BAI/xHEUPyfGYj7Ktki/Ioc2v7aDGj9Os7a+R3Izv8RmoL3KVo4/">(0.39419957301053038,0.76593501177609236,0.50788810005019291,0.57986094353328033,0.22145901201165547,-0.7840391224990515,-0.71299945387190244,0.60357225228996292,-0.3568367293702015,-0.70096251216151073,-0.07832101106377765,1.11202364083435912)</Transform>
						<Name>Bip001 R UpperArm</Name>
					</Element>
					<Element index="16">
						<Transform rawdata="EJGrNQAAgD8uhOO1INZ9v0GixzWd2QQ+ndkEPsRVyzUh1n0/6sqUPyy3sbX2ntQ9">(0.00000127827113601,0.99999999999774625,-0.00000169512867749,-0.99154852236198354,0.00000148738769799,0.12973638582151664,0.12973637809085442,0.00000151496396779,0.99154858146255098,1.16244250328793575,-0.0000013240837512,0.1038188184614951)</Transform>
						<Name>Bip001 Spine</Name>
					</Element>
					<Element index="17">
						<Transform rawdata="fVoiNQAAgD+Yk0E24rCmvpY+RDaCDXK/gQ1yv5wpxbTjsKY+e2qpPS+1TLYOioM/">(0.0000006048138056,0.9999999999956567,0.00000288451512087,-0.32556825845736809,0.0000029242705399,-0.94551859614194367,-0.94551853978897238,-0.0000003672438421,0.32556827786310433,0.08272262416808204,-0.000003050383209,1.02765062641582094)</Transform>
						<Name>Bip001 Pelvis</Name>
					</Element>
					<Element index="18">
						<Transform rawdata="/ZB9NQAAgD/Qi1m1jWMkP5k+fDLcPkQ/3T5EP7UJp7WMYyS/LeUPPiDp57RlcZW/">(0.00000094460832152,0.99999999999922551,-0.00000081042251569,0.64214399526856603,0.00000001468256365,0.76658414913540063,0.76658419482679996,-0.00000124452949596,-0.64214395699328763,0.14052267041480382,-0.00000043196722898,-1.16752298664824483)</Transform>
						<Name>Bone001</Name>
					</Element>
					<Element index="19">
						<Transform rawdata="LkamNQAAgD+4/40xegmtPQWf6bOpFX8/qRV/P/qhpbV6Ca297VqVP1SJv7R7XRu/">(0.00000123883886653,0.99999999999923272,0.00000000413271215,0.0844907306565931,-0.00000010878833567,0.99642426527714767,0.9964242652763835,-0.00000123405993151,-0.08449073065666302,1.1668373394649818,-0.00000035676441987,-0.60689512164740456)</Transform>
						<Name>Bone002</Name>
					</Element>
					<Element index="20">
						<Transform rawdata="zweXNQAAgD+5KQs1pn6svmIY6rO1CHE/tQhxP7WkpbWmfqw+5hfRP4V5y7Qo0aA9">(0.00000112526489855,0.9999999999992325,0.00000051842249659,-0.33690374145122581,-0.00000010900909425,0.94153909584050399,0.94153909583983786,-0.00000123413937392,0.33690374145084451,1.63354187038429433,-0.00000037900113223,0.07852393673866265)</Transform>
						<Name>Bone003</Name>
					</Element>
					<Element index="21">
						<Transform rawdata="81aONQAAgD8k+Cs10x7hvgNG6rMw7WU/Mu1lPxqmpbXRHuE+a7T1P1551LQHn5Y+">(0.00000106051296587,0.99999999999923261,0.00000064063556087,-0.43968829826170419,-0.00000010909209278,0.8981504587006427,0.89815056576791397,-0.00000123418001919,0.43968824584632143,1.91956839895111875,-0.00000039576383441,0.29418202156768791)</Transform>
						<Name>Bone004</Name>
					</Element>
					<Element index="22">
						<Transform rawdata="dBCKNQAAgD+HZjk1SNv2vkhc6rOmR2A/p0dgP96mpbVH2/Y+jgwPQOx71LQml80+">(0.00000102865893987,0.99999999999923239,0.00000069067068876,-0.48214171844767534,-0.00000010913260184,0.87609325476445554,0.87609330698308885,-0.00000123420223786,0.48214168970930715,2.23514119210920548,-0.00000039578242735,0.40154378283308012)</Transform>
						<Name>Bone005</Name>
					</Element>
					<Element index="23">
						<Transform rawdata="s/qBvkViMj8luys/Pop1PwP+uz1UBok+7M//PWobNj+NDzG/4jjlvj60/z0TQX+/">(-0.25386579602257148,0.69681196540200852,0.67082433511247708,0.9591406519561122,0.09179308488626829,0.26762641374167362,0.12490829688676054,0.71135582828824306,-0.69164355999942162,-0.44769961439959016,0.12485550193792383,-0.99708670033044022)</Transform>
						<Name>Bone027</Name>
					</Element>
					<Element index="24">
						<Transform rawdata="ck8ov5BXOT/lw1W+L2/Kvunfw73F3Gk/EDQkP5/iLj+CwbI+bXA7PxtiYT5pGI2+">(-0.65746226395941976,0.72399232809360969,-0.2087550872360884,-0.39537951063457444,-0.09564191718226767,0.91352489883396393,0.64141943443978011,0.68314546952994948,0.34913260054519235,0.73218425636945805,0.2201008057060477,-0.27557684591601384)</Transform>
						<Name>Bone025</Name>
					</Element>
					<Element index="25">
						<Transform rawdata="PnAxv35g0z0boTY/Stg2P/HrD70D8zI/5hfHPVF5fj8kMUq9w38Kv1zTgD76mDK/">(-0.69311893903999433,0.10321138437624681,0.71339578529678127,0.71423781863784952,-0.03513712143457544,0.69902054413639247,0.0972135524066417,0.99403862743478466,-0.04936326970583079,-0.54101198573187725,0.25161254653384602,-0.69764675651177321)</Transform>
						<Name>Bone015</Name>
					</Element>
					<Element index="26">
						<Transform rawdata="2Y7mvZbTNL/T5zI/T6J7P2F2Or5NlNK88+YUPhQdLz+O/TY/zqRyv/2rrD5VGq08">(-0.11257714992460569,-0.70635356543482586,0.69884987201175752,0.98294540130412467,-0.18209220290487832,-0.02570548050090764,0.14541225316295173,0.68403741816369845,0.7148064100654582,-0.94782721452376495,0.3372496651653098,0.02113071978944242)</Transform>
						<Name>Bone007</Name>
					</Element>
					<Element index="27">
						<Transform rawdata="VrpmvtIZO7827iQ/gudwP42NAzxIK60+GzaBvta2Lj/ami8/EJcPv14Jcj5dIAy/">(-0.22532019430095448,-0.73086274118136918,0.64425982739189136,0.94103254604104503,0.0080293539524655,0.33822083218111249,-0.2523659195130919,0.68247732726974941,0.68595657320636161,-0.56089878417279959,0.23636385354790368,-0.54736879546105588)</Transform>
						<Name>Bone011</Name>
					</Element>
					<Element index="28">
						<Transform rawdata="LrpmPiTuOj+6HyU/f+dwP+VMCTwwKq2+NjaBvk3lLj+MbC+/QJkPvx1YcT4eKgw/">(0.22531959474992849,0.73019621256214762,0.64501534831049534,0.94103234733238117,0.00838014978160658,-0.33821250257092533,-0.25236672339534022,0.68318637418898887,-0.6852500439678223,-0.56093218914473186,0.23568769265077066,0.54751767186356659)</Transform>
						<Name>Bone010</Name>
					</Element>
					<Element index="29">
						<Transform rawdata="1TCCPrlfMr+Hsys/GoB1P48VvD29TIm+P0IAPogdNj9KCTE/wtzkvtrd/z1bQ38/">(0.2542787996781703,-0.69677311551180243,0.67070814090910047,0.95898594980205965,0.09183799772197682,-0.26816359393394595,0.12525270502656038,0.71138808513665353,0.6915480013622709,-0.44699674770729619,0.12493486426777761,0.99712148552903312)</Transform>
						<Name>Bone026</Name>
					</Element>
					<Element index="30">
						<Transform rawdata="a1koPyZSOb9KkVW+A0DKvn3Nw70552m/XjgkP67oLj/4mbK+8Vg7P66AYT50PY0+">(0.65761442595149577,-0.72390973957704152,-0.2085620433844356,-0.39501960648373874,-0.0956067791342714,-0.91368441413652957,0.64148510107552881,0.68323790346340607,-0.34883093763492407,0.73182586882082812,0.22021743436659835,0.27585946722765187)</Transform>
						<Name>Bone024</Name>
					</Element>
					<Element index="31">
						<Transform rawdata="8mwSv4vp0j3yU1A/VchQP/KXDr1/3xM/VdmzPZt7fj8lO4O9CGwlvubKgD4gJGm/">(-0.57197487580159612,0.10298450947094746,0.81378088389081538,0.81555682742805669,-0.03481287424639949,0.57762905388859065,0.08781687017442417,0.99407356598781604,-0.06407764949160732,-0.16154491370167237,0.25154798654186006,-0.91070748374797605)</Transform>
						<Name>Bone019</Name>
					</Element>
					<Element index="32">
						<Transform rawdata="JlJ+v2xg0z1OmUm9dXhZvfLrD70Ne38/8WfPPU95fj9SbCU9pkjDPlzTgD4xZx+/">(-0.99344097877433868,0.10321125129931163,-0.0492184683191571,-0.05309339203288816,-0.03513712279872954,0.99797135740852994,0.10127247115739914,0.99403852127979486,0.04038650512803831,0.38141362776321913,0.25161255654612541,-0.62266833030104041)</Transform>
						<Name>Bone017</Name>
					</Element>
					<Element index="33">
						<Transform rawdata="r04SPy6k0705ZlA/UNxQP6ucDr09wxO/0TS0PSp5fj/x6oM9bfUlvpSugD4+G2k/">(0.57151310526828625,-0.10334049253484248,0.81405979667632933,0.81586168613180476,-0.03481737839494426,-0.57719786862386735,0.08799136098941442,0.99403634457992684,0.06441296044137224,-0.16206903948736034,0.25133192050875758,0.91057194968078004)</Transform>
						<Name>Bone018</Name>
					</Element>
					<Element index="34">
						<Transform rawdata="KFF+P+6j071iu0m99H1ZvR2cDr3Ae3+/k7PPPSx5fj/eJSS9LTrDPpKugD7SbB8/">(0.9934258626351482,-0.10334001695743814,-0.04925096876520661,-0.05309863212274682,-0.03481684959029631,-0.99798200576601725,0.1014167259172182,0.99403641254297426,-0.04007517715979259,0.3813032243223658,0.25133185397790436,0.62275422948989612)</Transform>
						<Name>Bone016</Name>
					</Element>
					<Element index="35">
						<Transform rawdata="MHExP/Cj0734njY/ndg2PyOcDr288zK/R8/GPSx5fj9Aeks9yYgKv5KugD5DlzI/">(0.69313335251134223,-0.10334002678371013,0.71336319587345853,0.71424275464002762,-0.03481687327885552,-0.69903156817417267,0.09707503432867028,0.99403641069172577,0.04967713225582297,-0.54114968312195644,0.25133185980465961,0.69762055511148957)</Transform>
						<Name>Bone014</Name>
					</Element>
					<Element index="36">
						<Transform rawdata="7Y7mPanTND/C5zI/TqJ7P1N2Or7xk9I81OYUPgQdLz+f/Ta/5qVyvzOerD6Y8628">(0.11257729909213253,0.70635466701319327,0.69884881752098693,0.98294533216368618,-0.18209198935639612,0.02570531017167816,0.14541178524523041,0.68403651176591151,-0.71480744714069444,-0.94784392507359283,0.33714447131804498,-0.02123431927071461)</Transform>
						<Name>Bone006</Name>
					</Element>
					<Element index="37">
						<Transform rawdata="i7guv90MKb/dYaC+xrGNvtQZJ76pbXI/kywtv5ymOz/mLZK95FosPjURpz5sDgu/">(-0.68250337528108673,-0.66035255052011499,-0.31324662555986016,-0.27674692339649137,-0.16318447140627476,0.94698577126484929,-0.67646141405254168,0.73301098142858501,-0.07137660545710747,0.1683154666196845,0.32630315777944285,-0.54318881829930965)</Transform>
						<Name>Bone009</Name>
					</Element>
					<Element index="38">
						<Transform rawdata="brguP/4MKT/dYaC+zbGNvtoZJ76obXK/riwtv4WmOz9dLpI9UEAsPloEpz52EQs/">(0.68250167866321165,0.66035449489505182,-0.31324663810436343,-0.27674715058783816,-0.16318454856918205,-0.94698569995413373,-0.67646303287384035,0.73300961917845131,0.07137749650971002,0.16821407898078611,0.32620506162675322,0.5432351703865016)</Transform>
						<Name>Bone008</Name>
					</Element>
					<Element index="39">
						<Transform rawdata="nAfVvkoiOT/GHw0/JNE6P3vnxL1nSi0/eeMKP2QWLz8Cufm+CDDFvhNRYj7nKki/">(-0.41607367841246595,0.72317947838404772,0.55126606148220303,0.72975371536176348,-0.09614463963812635,0.67691655533238748,0.54253347055825663,0.68393541384624279,-0.48773962827871231,-0.38513208327445991,0.2210123918904916,-0.78190463667425714)</Transform>
						<Name>Bone023</Name>
					</Element>
					<Element index="40">
						<Transform rawdata="Z/bUPuAcOb9eLQ0/2OI6P4zUxL2lNy2/PtIKP3QcLz9Vzvk+nmLFvmBvYj7qGkg/">(0.41594241003528321,-0.72309681869333997,0.55147349536176671,0.73002386272984543,-0.09610852530224806,-0.67663028858129592,0.54227051348718702,0.68402788112751534,0.48790232107102088,-0.38551801773520639,0.22112799218502843,0.78166070310320279)</Transform>
						<Name>Bone022</Name>
					</Element>
					<Element index="41">
						<Transform rawdata="51eGNQAAgD8zAUIzfkadPs0lvLR2n3M/dp9zP734e7V+Rp2+nlfoPTapmzNdvoO/">(0.00000100093610292,0.99999999999949818,0.00000004517023672,0.30717844017420998,-0.000000350452334,0.95165193526415792,0.95165193526369607,-0.00000093866745656,-0.3071784401744066,0.1134483669811277,0.00000007248529327,-1.02924691664166068)</Transform>
						<Name>Bone000</Name>
					</Element>
				</Bones>
			</Entity>
		</Root>
	</SSkinSkeletonData>
</Resource>
