<Root>
	<matrixlayout>column major</matrixlayout>
	<system>character</system>
	<node>
		<identifier>Scene Root</identifier>
		<transform>
			<row0>1.0 0.0 0.0</row0>
			<row1>0.0 1.0 0.0</row1>
			<row2>0.0 0.0 1.0</row2>
			<row3>0.0 0.0 0.0</row3>
		</transform>
		<node>
			<identifier>Bip001</identifier>
			<transform>
				<row0>3.1391646799233514e-07 0.0 -0.9999999999999507</row0>
				<row1>-5.385913937061295e-09 1.0 -1.690727080033057e-15</row1>
				<row2>0.9999999999999507 5.38591393706156e-09 3.1391646799233514e-07</row2>
				<row3>0.0 1.7849997282028198 0.0</row3>
			</transform>
			<node>
				<identifier>Bip001 Pelvis</identifier>
				<transform>
					<row0>0.043048977597848405 -0.9990729630645746 1.0728628012651107e-06</row0>
					<row1>4.213616967137276e-06 1.2554185230192038e-06 0.9999999999903346</row1>
					<row2>-0.9990729630562651 -0.043048977592911694 4.263755272450383e-06</row2>
					<row3>0.042884379625320435 0.024582214653491974 6.607758784582529e-09</row3>
				</transform>
				<node>
					<identifier>Bip001 Spine</identifier>
					<transform>
						<row0>0.952591641473171 -2.3841800662144577e-07 -0.30425181116205824</row0>
						<row1>1.4495132986600763e-06 0.9999999999919006 3.7547064766026885e-06</row1>
						<row2>0.30425181115869876 -4.0177190522177186e-06 0.9525916414658011</row2>
						<row3>-0.12468399107456207 1.0013783935391984e-07 0.01367183681577444</row3>
					</transform>
					<node>
						<identifier>Bip001 Spine1</identifier>
						<transform>
							<row0>0.9458535983457453 -9.536736417267175e-07 -0.3245935466017401</row0>
							<row1>9.508911486165296e-07 0.9999999999995339 -1.67193179717759e-07</row1>
							<row2>0.3245935466017483 -1.5051285970673243e-07 0.9458535983462113</row2>
							<row3>-0.1478407233953476 -5.819311144072969e-10 -0.00020988464530091733</row3>
						</transform>
						<node>
							<identifier>chibang24</identifier>
							<transform>
								<row0>0.11928107092956172 -0.9306943014466083 0.34580361966397427</row0>
								<row1>-0.1466912592661805 0.3279479974306738 0.9332372610628623</row1>
								<row2>-0.9819642053419254 -0.16204390835826094 -0.09740673072832526</row2>
								<row3>-0.1873437464237213 0.10655274242162704 0.034183502197265625</row3>
							</transform>
							<node>
								<identifier>chibang25</identifier>
								<transform>
									<row0>0.73281399739295 0.08648231430066426 0.6749107011584322</row0>
									<row1>-0.0625411655083323 0.9962520781492523 -0.05975182165314621</row1>
									<row2>-0.6775487047995515 0.0015772695066711834 0.7354762163696072</row2>
									<row3>-0.10829322785139084 -1.5258788721439487e-07 0.0</row3>
								</transform>
								<node>
									<identifier>chibang26</identifier>
									<transform>
										<row0>0.8833193975794751 0.1016426052324052 -0.45761938710255345</row0>
										<row1>-0.0868253580555621 0.9947933850437464 0.05336065088098182</row1>
										<row2>0.46066050964484395 -0.007401531734622775 0.8875455549895646</row2>
										<row3>-0.3944202661514282 -2.288818308215923e-07 3.0517577442878974e-07</row3>
									</transform>
									<node>
										<identifier>chibang27</identifier>
										<transform>
											<row0>0.5623043754195342 -0.03975176051057668 0.8259743258239673</row0>
											<row1>-0.07522479960872852 0.9922434243984831 0.09896513048802656</row1>
											<row2>-0.8235016807713851 -0.11778228604981636 0.5549525338797752</row2>
											<row3>-0.4243669807910919 1.5258788721439487e-07 3.0517577442878974e-07</row3>
										</transform>
										<node>
											<identifier>chibang28</identifier>
											<transform>
												<row0>0.975570141346752 -0.07320687912933552 0.20713196798374933</row0>
												<row1>0.07618403522400263 0.9970730901064195 -0.006422286401570012</row1>
												<row2>-0.2060555558330472 0.022045539997439922 0.9782919309063912</row2>
												<row3>-0.5391049981117249 -7.105427198782324e-17 -1.5258788721439487e-07</row3>
											</transform>
											<node>
												<identifier>Bone001</identifier>
												<transform>
													<row0>0.924685941104462 -0.32022265693895613 0.20593520144689428</row0>
													<row1>0.356991938999282 0.9172570359024169 -0.17665237264944064</row1>
													<row2>-0.13232730992179315 0.23686497467162793 0.9624907895365141</row2>
													<row3>-0.4823414087295532 0.6023547649383545 -0.24188750982284546</row3>
												</transform>
											</node>
										</node>
									</node>
									<node>
										<identifier>chibang29</identifier>
										<transform>
											<row0>-0.5181235597926784 -0.10246688727976433 0.8491457553323569</row0>
											<row1>0.0683582186411138 0.9846610349111822 0.16052974886871707</row1>
											<row2>-0.8525697219183759 0.14122033613766738 -0.50317162671318</row2>
											<row3>-0.40768882632255554 -0.006374893244355917 -0.04611511155962944</row3>
										</transform>
										<node>
											<identifier>chibang30</identifier>
											<transform>
												<row0>0.9999812755742759 2.9802315026938853e-08 -0.0061195180237816425</row0>
												<row1>-3.002972675207378e-08 0.9999999999999989 -3.7069820673016595e-08</row1>
												<row2>0.0061195180237805305 3.7252894016021346e-08 0.9999812755742756</row2>
												<row3>-0.2317042499780655 -1.1444091541079615e-07 -1.5258788721439487e-07</row3>
											</transform>
											<node>
												<identifier>Bone002</identifier>
												<transform>
													<row0>0.9868969447918156 -0.01868679770969754 0.16026610356509288</row0>
													<row1>0.08535715793146391 0.9033759500859495 -0.42028547050970555</row1>
													<row2>-0.136925807282913 0.42845534349977316 0.8931278418717077</row2>
													<row3>-0.18726485967636108 0.25136786699295044 -0.05519653484225273</row3>
												</transform>
											</node>
										</node>
									</node>
								</node>
							</node>
							<node>
								<identifier>chibang31</identifier>
								<transform>
									<row0>0.09303589330907186 0.15106715530986042 0.9841356802508329</row0>
									<row1>0.11171692130639449 0.9805972062538073 -0.16108522148555102</row1>
									<row2>-0.9893753258295696 0.12493130837870853 0.07435397512662806</row2>
									<row3>-0.07009994238615036 -0.021984253078699112 -0.05909637361764908</row3>
								</transform>
								<node>
									<identifier>chibang32</identifier>
									<transform>
										<row0>0.9998869195317325 8.940697333346734e-08 -0.015038222944709172</row0>
										<row1>-9.298225496731208e-08 0.9999999999999676 -2.37047101244735e-07</row1>
										<row2>0.015038222944687492 2.38418583727625e-07 0.9998869195317084</row2>
										<row3>-0.1262904405593872 -3.0517577442878974e-07 -7.629394360719743e-08</row3>
									</transform>
									<node>
										<identifier>Bone003</identifier>
										<transform>
											<row0>0.9652648871008722 -0.2538720202593443 0.06169777463614858</row0>
											<row1>0.2463017433428869 0.963023260683235 0.10921360301099849</row1>
											<row2>-0.08714301814924683 -0.09022414703757264 0.9921056221530893</row2>
											<row3>-0.14059433341026306 0.03544044494628906 -0.013060837052762508</row3>
										</transform>
									</node>
								</node>
							</node>
						</node>
						<node>
							<identifier>HP_xuanze</identifier>
							<transform>
								<row0>-0.9611456939594306 9.465218267991368e-05 -0.2760415657545233</row0>
								<row1>0.012248987052844383 0.9990295675839554 -0.04230703734834628</row1>
								<row2>0.2757696816175117 -0.044044456336517886 -0.960214126414831</row2>
								<row3>-0.017079466953873634 0.0005558293778449297 0.01889900118112564</row3>
							</transform>
						</node>
						<node>
							<identifier>HP_eff005</identifier>
							<transform>
								<row0>-0.9285852066729009 -0.004328237176037287 -0.371093871010972</row0>
								<row1>0.012250293923057353 0.9990295976055686 -0.04230595001715833</row1>
								<row2>0.37091689292398566 -0.04383069094561869 -0.9276311384784612</row2>
								<row3>-0.18133102357387543 0.009368042461574078 0.17950035631656647</row3>
							</transform>
						</node>
						<node>
							<identifier>HP_eff006</identifier>
							<transform>
								<row0>-0.9285852066729009 -0.004328237176037287 -0.371093871010972</row0>
								<row1>0.012250293923057353 0.9990295976055686 -0.04230595001715833</row1>
								<row2>0.37091689292398566 -0.04383069094561869 -0.9276311384784612</row2>
								<row3>-0.02792663499712944 -0.008759534917771816 -0.20414946973323822</row3>
							</transform>
						</node>
						<node>
							<identifier>Bip001 Spine2</identifier>
							<transform>
								<row0>1.0 5.684341886080801e-13 5.551115123125783e-17</row0>
								<row1>-5.684341886080801e-13 1.0 7.958078640513122e-13</row1>
								<row2>-5.551115077889343e-17 -7.958078640513122e-13 1.0</row2>
								<row3>-0.2785775661468506 -2.5655025326365433e-10 -9.231567673850805e-05</row3>
							</transform>
							<node>
								<identifier>Bip001 Neck1</identifier>
								<transform>
									<row0>0.9982383024033996 -2.3841790576602273e-07 -0.0593320454284357</row0>
									<row1>2.4248716463957185e-07 0.9999999999999687 6.138453161534079e-08</row1>
									<row2>0.0593320454284192 -7.566365010173325e-08 0.9982383024034263</row2>
									<row3>-0.11752685904502869 -3.781053337092999e-08 -0.1414402723312378</row3>
								</transform>
								<node>
									<identifier>Bip001 Neck2</identifier>
									<transform>
										<row0>0.9937999082116892 -3.576272373871336e-07 -0.11118337302992008</row0>
										<row1>3.5732658241227516e-07 0.9999999999999359 -2.2630295480583432e-08</row1>
										<row2>0.11118337302992104 -1.723878913444325e-08 0.9937999082117532</row2>
										<row3>-0.11331924796104431 -1.5686964227601408e-10 -5.6152344768634066e-05</row3>
									</transform>
									<node>
										<identifier>Bip001 Head</identifier>
										<transform>
											<row0>0.9913415392944906 -7.152552314987702e-07 -0.1313086153636477</row0>
											<row1>8.045534160916421e-07 0.9999999999994797 6.270113368153328e-07</row1>
											<row2>0.13130861536313096 -7.272271788466946e-07 0.9913415392945504</row2>
											<row3>-0.07555694878101349 -2.0926003685417527e-07 0.07148224115371704</row3>
										</transform>
										<node>
											<identifier>erduo05</identifier>
											<transform>
												<row0>0.0890125444607727 -0.5707053771919947 0.81631620060658</row0>
												<row1>-0.7586742865002328 -0.5698739560491166 -0.3156847826725358</row1>
												<row2>0.6453603455955583 -0.5912182053005496 -0.48370542569284125</row2>
												<row3>-0.07889450341463089 0.11170049011707306 -0.018272094428539276</row3>
											</transform>
											<node>
												<identifier>erduo06</identifier>
												<transform>
													<row0>0.9827543177137338 -0.11336149021267568 -0.1460924513535487</row0>
													<row1>0.11212930603204715 0.993553808811994 -0.01666876491979267</row1>
													<row2>0.14704031627659753 5.550909075446864e-08 0.9891304996759908</row2>
													<row3>-0.16759933531284332 0.0 9.536743306171047e-08</row3>
												</transform>
												<node>
													<identifier>erduo07</identifier>
													<transform>
														<row0>0.9969001620233309 -0.07861464714532539 -0.0031120737116095893</row0>
														<row1>0.07861426887626433 0.9969050789907081 -0.00024538048080455655</row1>
														<row2>0.0031217325892118645 -3.3558455804910976e-08 0.9999950677760138</row2>
														<row3>-0.16306595504283905 1.5258788721439487e-07 3.814697180359872e-08</row3>
													</transform>
													<node>
														<identifier>erduo08</identifier>
														<transform>
															<row0>0.8918427902066455 -0.4034838413307237 0.20449260950320092</row0>
															<row1>0.39327780876330143 0.9149867702783865 0.09017635693386183</row1>
															<row2>-0.22349272188681302 -7.284048139728071e-07 0.974705537100209</row2>
															<row3>-0.19225020706653595 -1.5258788721439487e-07 -4.577636616431846e-07</row3>
														</transform>
														<node>
															<identifier>Bone004</identifier>
															<transform>
																<row0>0.988457186856767 0.08557116065685631 -0.1250751555683146</row0>
																<row1>-0.09166669477605326 0.9948221646794324 -0.04381778254128834</row1>
																<row2>0.12067681166783084 0.054776689456607484 0.991173395791288</row2>
																<row3>-0.23283416032791138 -0.14113165438175201 0.24759702384471893</row3>
															</transform>
														</node>
													</node>
												</node>
											</node>
										</node>
										<node>
											<identifier>erduo01</identifier>
											<transform>
												<row0>0.08900874246190002 0.5707073300225974 0.8163152499027746</row0>
												<row1>-0.7586782259359621 0.5698682449250135 -0.3156856248033164</row1>
												<row2>-0.6453562772918658 -0.5912218603632352 0.48370650935109394</row2>
												<row3>-0.0788937360048294 -0.11130169779062271 -0.018271788954734802</row3>
											</transform>
											<node>
												<identifier>erduo02</identifier>
												<transform>
													<row0>0.982754299123595 -0.11336218669745836 0.14609244395676982</row0>
													<row1>0.11213002132635531 0.9935537301158617 0.016668643922302964</row1>
													<row2>-0.1470402865593047 1.673812883434822e-07 0.9891305040936356</row2>
													<row3>-0.1675996333360672 4.577636616431846e-07 -1.7166138377433526e-07</row3>
												</transform>
												<node>
													<identifier>erduo03</identifier>
													<transform>
														<row0>0.9969001680131558 -0.07861457311188301 0.0031120251432298594</row0>
														<row1>0.07861419519342133 0.9969050848288783 0.0002452680527630595</row1>
														<row2>-0.003121675332667116 1.4158904895361044e-07 0.9999950679547432</row2>
														<row3>-0.16306549310684204 4.577636616431846e-07 -2.670288097306184e-07</row3>
													</transform>
													<node>
														<identifier>erduo04</identifier>
														<transform>
															<row0>0.8918430255795583 -0.40348330351100953 -0.20449264415362736</row0>
															<row1>0.393277600113303 0.9149870074419273 -0.0901748604744549</row1>
															<row2>0.22349214979472085 -5.559367767148047e-07 0.9747056682766029</row2>
															<row3>-0.19225037097930908 0.0 3.0517577442878974e-07</row3>
														</transform>
														<node>
															<identifier>Bone005</identifier>
															<transform>
																<row0>0.9925594149464004 0.07594009491973484 0.09515701063559741</row0>
																<row1>-0.06567431555611382 0.9921234841798002 -0.1067319293396451</row1>
																<row2>-0.10251172348827292 0.09968742344970347 0.9897190260867824</row2>
																<row3>-0.24467498064041138 -0.13689479231834412 -0.17810478806495667</row3>
															</transform>
														</node>
													</node>
												</node>
											</node>
										</node>
										<node>
											<identifier>yanjing01</identifier>
											<transform>
												<row0>0.7122833220689829 0.4961463274226368 -0.4964788926907199</row0>
												<row1>0.1424728297299082 -0.7948189293358785 -0.5898850416463536</row1>
												<row2>-0.6872800779756005 0.3494305035321645 -0.6368236007010295</row2>
												<row3>-0.0873870849609375 -0.03570157289505005 0.1263481080532074</row3>
											</transform>
											<node>
												<identifier>Bone006</identifier>
												<transform>
													<row0>0.9895568340932815 0.017429781544032408 -0.14307846888233586</row0>
													<row1>-0.02722476856077643 0.997396593385515 -0.06678888252788921</row1>
													<row2>0.1415420052395621 0.06998674426437351 0.9874561376231246</row2>
													<row3>0.10954105108976364 0.10541839897632599 0.06961898505687714</row3>
												</transform>
											</node>
										</node>
										<node>
											<identifier>yanjing02</identifier>
											<transform>
												<row0>0.9611229321586571 0.2535058389932772 -0.10944121557152978</row0>
												<row1>0.14247247485641815 -0.794819100527545 -0.5898848966916101</row1>
												<row2>-0.23652524826447713 0.5513595735741676 -0.8000365163925578</row2>
												<row3>-0.08547408878803253 -0.03548037260770798 0.1270962506532669</row3>
											</transform>
											<node>
												<identifier>Bone007</identifier>
												<transform>
													<row0>0.9896948383575686 -0.0200808812866562 -0.14177759038415533</row0>
													<row1>0.01000504077003365 0.9973946359710592 -0.07142614037792888</row1>
													<row2>0.14284279747467857 0.06927173226681266 0.9873192339197617</row2>
													<row3>0.05766113102436066 0.10648483037948608 0.13106125593185425</row3>
												</transform>
											</node>
										</node>
										<node>
											<identifier>yanjing03</identifier>
											<transform>
												<row0>0.34153618961500404 0.5988388579175532 -0.7243928860992939</row0>
												<row1>0.14247281135548884 -0.7948187339064389 -0.5898853094083872</row1>
												<row2>-0.929007281568733 0.09826088987672549 -0.3567776174494509</row2>
												<row3>-0.08447082340717316 -0.036200348287820816 0.12830932438373566</row3>
											</transform>
											<node>
												<identifier>Bone008</identifier>
												<transform>
													<row0>0.988557755998447 0.04619017771982745 -0.1436108758328463</row0>
													<row1>-0.05361177507342489 0.9973957266395315 -0.04824460648277262</row1>
													<row2>0.14100829562183445 0.055391754468037346 0.9884585582877616</row2>
													<row3>0.12346900999546051 0.10429626703262329 0.002085571177303791</row3>
												</transform>
											</node>
										</node>
										<node>
											<identifier>yanjing04</identifier>
											<transform>
												<row0>0.7122859221971135 -0.4961424076625195 -0.4964790794773188</row0>
												<row1>0.14246745656748516 0.7948192839823979 -0.5898858615265331</row1>
												<row2>0.6872785380462563 0.3494352831763656 0.6368227335863992</row2>
												<row3>-0.08756378293037415 0.03600466623902321 0.12693236768245697</row3>
											</transform>
											<node>
												<identifier>Bone009</identifier>
												<transform>
													<row0>0.9896557075294439 -0.12241056865214238 0.07482740531514742</row0>
													<row1>0.11686059248321226 0.9903474953038285 0.07453482722798745</row1>
													<row2>-0.083228904646039 -0.06501938024947616 0.9944070744033323</row2>
													<row3>0.10627374798059464 0.1250450164079666 -0.06036376953125</row3>
												</transform>
											</node>
										</node>
										<node>
											<identifier>yanjing06</identifier>
											<transform>
												<row0>0.34154105878122304 -0.5988378646051824 -0.7243914115184598</row0>
												<row1>0.1424677166233022 0.7948185844918766 -0.5898867412194244</row1>
												<row2>0.9290062174188357 0.09826814595928343 0.3567782228185825</row2>
												<row3>-0.08447082340717316 0.03569858893752098 0.12830932438373566</row3>
											</transform>
											<node>
												<identifier>Bone010</identifier>
												<transform>
													<row0>0.9938539771638503 -0.0818357302282169 0.07455932324769146</row0>
													<row1>0.07269350485860925 0.9903483780447802 0.11801547273551419</row1>
													<row2>-0.08349742300039116 -0.11186994837522556 0.9902086526553543</row2>
													<row3>0.11739570647478104 0.12339019775390625 0.0051368712447583675</row3>
												</transform>
											</node>
										</node>
										<node>
											<identifier>yanjing05</identifier>
											<transform>
												<row0>0.961124490276621 -0.2534997317331749 -0.10944167849785523</row0>
												<row1>0.1424669650560791 0.7948195699083023 -0.5898854939301401</row1>
												<row2>0.2365222163961126 0.5513616037526586 0.8000359390984136</row2>
												<row3>-0.08547424525022507 0.03674857318401337 0.12709639966487885</row3>
											</transform>
											<node>
												<identifier>Bone011</identifier>
												<transform>
													<row0>0.987203597200864 -0.13850760296657524 0.07901060079022515</row0>
													<row1>0.138488189178893 0.9903473716725374 0.005753683971865659</row1>
													<row2>-0.07904502527976119 0.005261987865266368 0.996858115687368</row2>
													<row3>0.058651428669691086 0.12529487907886505 -0.12138595432043076</row3>
												</transform>
											</node>
										</node>
										<node>
											<identifier>zuiba02</identifier>
											<transform>
												<row0>0.04954137509939827 -3.5762802884729394e-07 -0.9987720721731925</row0>
												<row1>4.181232276595038e-06 -0.9999999999910987 5.654663773364718e-07</row1>
												<row2>-0.9987720721645044 -4.204112007037984e-06 -0.04954137509746197</row2>
												<row3>-0.09641845524311066 -1.502080749560264e-06 0.12602783739566803</row3>
											</transform>
											<node>
												<identifier>Bone012</identifier>
												<transform>
													<row0>0.9891376438811996 0.05124998225427749 -0.13777542642150498</row0>
													<row1>-0.04256646267868879 0.9969605189632292 0.06525197225825666</row1>
													<row2>0.14070053790776035 -0.058678450635915376 0.9883107063557363</row2>
													<row3>0.11426468193531036 -0.012031999416649342 -0.05493148788809776</row3>
												</transform>
											</node>
										</node>
										<node>
											<identifier>yanjing10</identifier>
											<transform>
												<row0>0.4543353846066422 0.5819856268426034 -0.6744419687665281</row0>
												<row1>0.14247240148785856 -0.7948191702249163 -0.5898848205007973</row1>
												<row2>-0.8793639454181394 0.1719161900884868 -0.4440313897508853</row2>
												<row3>-0.13885559141635895 -0.030217017978429794 0.08614441007375717</row3>
											</transform>
											<node>
												<identifier>Bone013</identifier>
												<transform>
													<row0>0.9888741175585205 0.038947434899011237 -0.14355852597720853</row0>
													<row1>-0.04719990007913066 0.997396710985167 -0.05453327147745201</row1>
													<row2>0.1410608706029846 0.06070248879153479 0.9881381074677544</row2>
													<row3>0.13142967224121094 0.10887191444635391 0.01876571588218212</row3>
												</transform>
											</node>
										</node>
										<node>
											<identifier>yanjing11</identifier>
											<transform>
												<row0>0.8589734780465099 0.3954009000311356 -0.3253039997713675</row0>
												<row1>0.14247274173568888 -0.7948190780316907 -0.5898847614999752</row1>
												<row2>-0.4917988201035356 0.46034843992616237 -0.7390624022383487</row2>
												<row3>-0.13757629692554474 -0.030404306948184967 0.0871124267578125</row3>
											</transform>
											<node>
												<identifier>Bone014</identifier>
												<transform>
													<row0>0.989795676658945 -0.0002498924622267219 -0.14248659398035649</row0>
													<row1>-0.01002997332093625 0.9973976946609899 -0.07142332560218513</row1>
													<row2>0.1421335044862013 0.0721235625487206 0.9872164193467164</row2>
													<row3>0.0974356085062027 0.1099894717335701 0.10447860509157181</row3>
												</transform>
											</node>
										</node>
										<node>
											<identifier>yanjing12</identifier>
											<transform>
												<row0>-0.10978120422124403 0.5795978232072987 -0.8074741175623491</row0>
												<row1>0.1424739702631321 -0.7948191666343458 -0.5898844464368799</row1>
												<row2>-0.9836915876657769 -0.17980225757799925 0.004678601944164908</row2>
												<row3>-0.13757629692554474 -0.030404306948184967 0.0871124267578125</row3>
											</transform>
											<node>
												<identifier>Bone015</identifier>
												<transform>
													<row0>0.9874954184884525 0.06607888906615784 -0.1431302192928259</row0>
													<row1>-0.06952288629752895 0.9973957571124873 -0.019190413619023735</row1>
													<row2>0.14148940065800475 0.02890127321196998 0.9895177946394726</row2>
													<row3>0.11199478060007095 0.10792114585638046 -0.07350295782089233</row3>
												</transform>
											</node>
										</node>
										<node>
											<identifier>yanjing07</identifier>
											<transform>
												<row0>0.4543422962150075 -0.5819838522086459 -0.6744389324753276</row0>
												<row1>0.14246803189511853 0.7948187212129019 -0.5898864808566299</row1>
												<row2>0.8793610963409776 0.17192439087538658 0.444033856889451</row2>
												<row3>-0.13892897963523865 0.030183929949998856 0.08642929047346115</row3>
											</transform>
											<node>
												<identifier>Bone016</identifier>
												<transform>
													<row0>0.9926939562030395 -0.09510012080818978 0.07424722071114848</row0>
													<row1>0.08679240656708372 0.9903464888791592 0.10806833190604301</row1>
													<row2>-0.08380804052256477 -0.10083499149515934 0.9913679559999313</row2>
													<row3>0.12390358000993729 0.12984603643417358 -0.010921936482191086</row3>
												</transform>
											</node>
										</node>
										<node>
											<identifier>yanjing09</identifier>
											<transform>
												<row0>-0.1097784527811755 -0.5795985675105481 -0.8074738835624382</row0>
												<row1>0.14246844106914772 0.7948199748025008 -0.589884692930982</row1>
												<row2>0.9836926948059711 -0.1797961743044531 -0.004679602714252484</row2>
												<row3>-0.13757629692554474 0.030448369681835175 0.08711227774620056</row3>
											</transform>
											<node>
												<identifier>Bone017</identifier>
												<transform>
													<row0>0.9966979092688686 -0.023193895693338733 0.07780215354070917</row0>
													<row1>0.012268875109473231 0.9903482860211336 0.13806395050154577</row1>
													<row2>-0.08025347984177997 -0.13665352219576132 0.9873627468386569</row2>
													<row3>0.10244155675172806 0.1274479627609253 0.07624039053916931</row3>
												</transform>
											</node>
										</node>
										<node>
											<identifier>yanjing08</identifier>
											<transform>
												<row0>0.858976165249437 -0.39539592534222934 -0.32530295073382626</row0>
												<row1>0.14246783194371584 0.794818981172111 -0.5898861788767258</row1>
												<row2>0.49179555141809606 0.4603529617492317 0.7390617607575711</row2>
												<row3>-0.13757629692554474 0.030448369681835175 0.08711227774620056</row3>
											</transform>
											<node>
												<identifier>Bone018</identifier>
												<transform>
													<row0>0.9879441711297119 -0.13461117247436355 0.07646010054861072</row0>
													<row1>0.13156203032253524 0.9903473826947486 0.043629047285877076</row1>
													<row2>-0.081595095483058 -0.033043848404223905 0.9961185932534798</row2>
													<row3>0.09445091336965561 0.13092368841171265 -0.09363891929388046</row3>
												</transform>
											</node>
										</node>
										<node>
											<identifier>zuiba01</identifier>
											<transform>
												<row0>-0.18012644047630005 -1.9073486007288929e-06 -0.9836434645935995</row0>
												<row1>3.5408346467276095e-06 -0.9999999999928983 1.290661408511133e-06</row1>
												<row2>-0.9836434645890759 -3.2504366140849602e-06 0.18012644048177445</row2>
												<row3>-0.02970779500901699 -1.3024628060520627e-06 0.07841216772794724</row3>
											</transform>
											<node>
												<identifier>Bone019</identifier>
												<transform>
													<row0>0.9897447595206218 0.03647590344095243 -0.1381116196039748</row0>
													<row1>-0.026519765181970502 0.9969615892960627 0.07325434371082945</row1>
													<row2>0.14036372205929562 -0.06884027967336588 0.9877028980757614</row2>
													<row3>0.030760498717427254 -0.006640165578573942 -0.09077621251344681</row3>
												</transform>
											</node>
										</node>
										<node>
											<identifier>shetou01</identifier>
											<transform>
												<row0>0.1845063991915667 -4.235164505915987e-22 -0.9828312517660782</row0>
												<row1>3.6632817961109018e-06 -0.9999999999930537 6.877059843283323e-07</row1>
												<row2>-0.9828312517592511 -3.7272739881144773e-06 -0.18450639919028505</row2>
												<row3>-0.027940673753619194 -1.2517295999714406e-06 0.09250274300575256</row3>
											</transform>
											<node>
												<identifier>shetou02</identifier>
												<transform>
													<row0>0.9335213518294041 -4.7683707783422534e-07 0.35852164016846816</row0>
													<row1>-6.760827938429044e-08 0.9999999999988636 1.5060481424374976e-06</row1>
													<row2>-0.35852164016877885 -1.4301671290622397e-06 0.933521351828311</row2>
													<row3>-0.04169204831123352 -3.63797872577655e-14 -2.8421708795129297e-16</row3>
												</transform>
												<node>
													<identifier>Bone020</identifier>
													<transform>
														<row0>0.9897446127279045 0.03647697091449784 -0.1381119580619551</row0>
														<row1>-0.02652068632898723 0.9969605581917813 0.07325502444591309</row1>
														<row2>0.14036430456482551 -0.0688409459857902 0.9877037947481089</row2>
														<row3>0.09853607416152954 -0.0072655025869607925 -0.09270767122507095</row3>
													</transform>
												</node>
											</node>
										</node>
										<node>
											<identifier>HP_eff004</identifier>
											<transform>
												<row0>-0.9881690184359024 0.06114515697968966 -0.14065255622301404</row0>
												<row1>0.0672802655299163 0.9969605680478598 -0.0392809321161366</row1>
												<row2>0.1378232135889299 -0.04827934146259588 -0.9892794083446154</row2>
												<row3>-0.0341409295797348 -0.12661050260066986 -0.16506271064281464</row3>
											</transform>
										</node>
										<node>
											<identifier>HP_eff002</identifier>
											<transform>
												<row0>-0.9881690184359024 0.06114515697968966 -0.14065255622301404</row0>
												<row1>0.0672802655299163 0.9969605680478598 -0.0392809321161366</row1>
												<row2>0.1378232135889299 -0.04827934146259588 -0.9892794083446154</row2>
												<row3>-0.0018762206891551614 -0.004179183393716812 -0.33851760625839233</row3>
											</transform>
										</node>
										<node>
											<identifier>HP_eff003</identifier>
											<transform>
												<row0>-0.9881690184359024 0.06114515697968966 -0.14065255622301404</row0>
												<row1>0.0672802655299163 0.9969605680478598 -0.0392809321161366</row1>
												<row2>0.1378232135889299 -0.04827934146259588 -0.9892794083446154</row2>
												<row3>-0.016494598239660263 0.13488604128360748 -0.1753663569688797</row3>
											</transform>
										</node>
										<node>
											<identifier>HP_eff001</identifier>
											<transform>
												<row0>-0.9881690254193636 0.06114503447724812 -0.140652560414786</row0>
												<row1>0.0672801426588699 0.9969605761942348 -0.03928093581193554</row1>
												<row2>0.1378232234998001 -0.04827932838888305 -0.9892794076018951</row2>
												<row3>-0.050440672785043716 0.012833044864237309 0.010074157267808914</row3>
											</transform>
										</node>
									</node>
								</node>
							</node>
							<node>
								<identifier>Bip001 R Clavicle</identifier>
								<transform>
									<row0>-0.0004058480503855069 0.8603882683740397 0.5096389535069717</row0>
									<row1>0.9999996828881866 -2.222580655690488e-08 0.000796381520126405</row1>
									<row2>0.0006852086033618198 0.509639084727468 -0.8603879442426146</row2>
									<row3>-0.06622634828090668 -0.11061157286167145 -0.09336365014314651</row3>
								</transform>
								<node>
									<identifier>Bip001 R UpperArm</identifier>
									<transform>
										<row0>0.9695312106437581 0.24122286650411134 0.04267036750706804</row0>
										<row1>-0.020221221644817246 0.2524010522876949 -0.9674113969761031</row1>
										<row2>-0.24413179592760903 0.9370726959417844 0.2495885188416251</row2>
										<row3>-0.15974029898643494 -1.5258788721439487e-07 3.814697322468419e-07</row3>
									</transform>
									<node>
										<identifier>Bip001 R Forearm</identifier>
										<transform>
											<row0>0.664624311742931 -0.0 0.7471777059309487</row0>
											<row1>-7.445739435133067e-08 0.999999999999995 6.62308231122443e-08</row1>
											<row2>-0.7471777059309449 -9.965152032816642e-08 0.6646243117429277</row2>
											<row3>-0.5475929379463196 1.5258788721439487e-07 -3.0517577442878974e-07</row3>
										</transform>
										<node>
											<identifier>Bip001 R Hand</identifier>
											<transform>
												<row0>-0.20376860486767132 0.17339312290184442 -0.9635419973206298</row0>
												<row1>-0.9772765042199244 0.022669004209419343 0.21075253578202008</row1>
												<row2>0.05838558141199268 0.9845917636854573 0.16483380346865775</row2>
												<row3>-0.5914517045021057 1.5258788721439487e-07 -1.9073486612342094e-07</row3>
											</transform>
											<node>
												<identifier>HP_eff026</identifier>
												<transform>
													<row0>-0.9021300792186915 -0.19000087928435255 0.3873770592588705</row0>
													<row1>-0.21595592798231641 0.976104117517331 -0.02416172458681528</row1>
													<row2>-0.37352959365781735 -0.10545339082687402 -0.9216047010649091</row2>
													<row3>-0.5154765248298645 -0.038368530571460724 0.0688629150390625</row3>
												</transform>
											</node>
											<node>
												<identifier>HP_eff027</identifier>
												<transform>
													<row0>-0.9021300792186915 -0.19000087928435255 0.3873770592588705</row0>
													<row1>-0.21595592798231641 0.976104117517331 -0.02416172458681528</row1>
													<row2>-0.37352959365781735 -0.10545339082687402 -0.9216047010649091</row2>
													<row3>-0.5391175150871277 -0.15935851633548737 -0.045536499470472336</row3>
												</transform>
											</node>
											<node>
												<identifier>HP_eff028</identifier>
												<transform>
													<row0>-0.9021300792186915 -0.19000087928435255 0.3873770592588705</row0>
													<row1>-0.21595592798231641 0.976104117517331 -0.02416172458681528</row1>
													<row2>-0.37352959365781735 -0.10545339082687402 -0.9216047010649091</row2>
													<row3>-0.4612217843532562 -0.13736724853515625 0.14665374159812927</row3>
												</transform>
											</node>
											<node>
												<identifier>Bip001 R Finger0</identifier>
												<transform>
													<row0>0.9876332176336212 0.020326668177024155 -0.155458849820399</row0>
													<row1>-0.020174973124398244 0.9997932032244046 0.002553672984998402</row1>
													<row2>0.1554785998276698 0.0006142858135040969 0.9878390093731269</row2>
													<row3>-1.0156464576721191 0.0011248779483139515 0.016349487006664276</row3>
												</transform>
												<node>
													<identifier>Bip001 R Finger01</identifier>
													<transform>
														<row0>0.9934385590241988 0.07299482379509022 -0.08804240985889285</row0>
														<row1>-0.072709847870092 0.9973323192717397 0.006443831062390019</row1>
														<row2>0.08827791239358079 -1.825972532898401e-11 0.9960958840309658</row2>
														<row3>-0.6358053684234619 6.103515488575795e-07 -1.5258788721439487e-07</row3>
													</transform>
												</node>
											</node>
										</node>
										<node>
											<identifier>HP_eff024</identifier>
											<transform>
												<row0>-0.7906915162602205 -0.04959396034083176 0.6102027246840392</row0>
												<row1>-0.21762048309487897 0.9543861685992225 -0.20442203042736765</row1>
												<row2>-0.5722309424101993 -0.2944273769271603 -0.7654177083554619</row2>
												<row3>0.1135765090584755 -0.08557937294244766 0.14825008809566498</row3>
											</transform>
										</node>
										<node>
											<identifier>HP_eff023</identifier>
											<transform>
												<row0>-0.7906915162602205 -0.04959396034083176 0.6102027246840392</row0>
												<row1>-0.21762048309487897 0.9543861685992225 -0.20442203042736765</row1>
												<row2>-0.5722309424101993 -0.2944273769271603 -0.7654177083554619</row2>
												<row3>0.04374374449253082 -0.021016692742705345 0.06300865113735199</row3>
											</transform>
										</node>
										<node>
											<identifier>HP_eff025</identifier>
											<transform>
												<row0>-0.7906915162602205 -0.04959396034083176 0.6102027246840392</row0>
												<row1>-0.21762048309487897 0.9543861685992225 -0.20442203042736765</row1>
												<row2>-0.5722309424101993 -0.2944273769271603 -0.7654177083554619</row2>
												<row3>0.07711334526538849 0.07433333992958069 0.11399783939123154</row3>
											</transform>
										</node>
										<node>
											<identifier>chibang12</identifier>
											<transform>
												<row0>-0.3350263510214479 -0.038109954153506743 -0.941437717279094</row0>
												<row1>-0.126249064024606 0.99198607780104 0.004771658508759909</row1>
												<row2>0.9337121514279987 0.1204543768567099 -0.33715314348597425</row2>
												<row3>-0.02219802886247635 0.016856079921126366 0.030950622633099556</row3>
											</transform>
											<node>
												<identifier>chibang13</identifier>
												<transform>
													<row0>0.998422969541533 0.04135661527618942 0.037963196187418335</row0>
													<row1>-0.04105169550206208 0.9991194182992922 -0.008778019322851804</row1>
													<row2>-0.03829279565957745 0.007205722548843713 0.9992415357223025</row2>
													<row3>-0.5632879734039307 2.517700295356917e-06 3.204345603080583e-06</row3>
												</transform>
												<node>
													<identifier>chibang14</identifier>
													<transform>
														<row0>0.9282168048252107 -0.14789233939740537 -0.3413816327625718</row0>
														<row1>0.14867374319581422 0.9885932330608759 -0.024031460078288533</row1>
														<row2>0.34104198646113465 -0.028448108937827038 0.9396175118464453</row2>
														<row3>-0.541378915309906 1.0681152389224735e-06 -2.441406195430318e-06</row3>
													</transform>
													<node>
														<identifier>Bone021</identifier>
														<transform>
															<row0>0.6020809167843678 -0.48668479288281974 -0.6329664253545304</row0>
															<row1>0.6905223492470731 0.7153840476582272 0.1067731072634719</row1>
															<row2>0.4008468465714619 -0.5013605249940207 0.766781239413067</row2>
															<row3>-0.690168023109436 1.0363411903381348 1.1336627006530762</row3>
														</transform>
													</node>
												</node>
											</node>
										</node>
									</node>
									<node>
										<identifier>HP_eff012</identifier>
										<transform>
											<row0>-0.9870179031026863 0.0555121585751079 0.15071184162204426</row0>
											<row1>0.008102939236417 0.9543860317877608 -0.29846548327091704</row1>
											<row2>-0.1604057397056197 -0.29336956655171853 -0.9424459114934658</row2>
											<row3>-0.04671432450413704 0.03558700531721115 0.04777923598885536</row3>
										</transform>
									</node>
									<node>
