<Root>
	<matrixlayout>column major</matrixlayout>
	<system />
	<node>
		<identifier>Scene Root</identifier>
		<transform>
			<row0>1.0 0.0 0.0</row0>
			<row1>0.0 1.0 0.0</row1>
			<row2>0.0 0.0 1.0</row2>
			<row3>0.0 0.0 0.0</row3>
		</transform>
		<node>
			<identifier>Hips</identifier>
			<transform>
				<row0>0.004821514584755328 0.21477367912613995 0.9766519440167674</row0>
				<row1>1.3110453457240712e-07 -0.9766632964657392 0.21477617497445653</row1>
				<row2>0.9999883764309923 -0.0010354184165987483 -0.0047090244861080184</row2>
				<row3>-0.0015867813490331173 1.7391570806503296 -0.039890356361866</row3>
			</transform>
			<node>
				<identifier>Tail1</identifier>
				<transform>
					<row0>0.9900676418196174 -0.14054929940547795 -0.0034581871509627234</row0>
					<row1>0.14054778746611832 0.9900736640607509 -0.0006776220910635135</row1>
					<row2>0.0035190993337221245 0.00018485115303256073 0.9999937908656886</row2>
					<row3>-0.19938044250011444 0.0 0.0</row3>
				</transform>
				<node>
					<identifier>Tail2</identifier>
					<transform>
						<row0>0.9951404333658183 -0.09776081890401765 0.011761809712252514</row0>
						<row1>0.09776908036633554 0.9952090590325544 -0.00012858682892384697</row1>
						<row2>-0.011692888822554919 0.0012779032716711755 0.9999307596553502</row2>
						<row3>-0.12914317846298218 0.0 -5.9604643443123e-10</row3>
					</transform>
					<node>
						<identifier>Tail3</identifier>
						<transform>
							<row0>0.8877911468957382 -0.45977466787195637 -0.020835889152655353</row0>
							<row1>0.4597549769967521 0.8880254746035439 -0.006009790501045483</row1>
							<row2>0.021265949785171826 -0.004243964936559656 0.9997648464220732</row2>
							<row3>-0.12222808599472046 -1.5258788721439487e-07 1.19209286886246e-09</row3>
						</transform>
						<node>
							<identifier>Tail4</identifier>
							<transform>
								<row0>0.818264885742233 -0.5747868307034156 -0.007916818248090712</row0>
								<row1>0.5748310926854597 0.8182548148567012 0.005306000054663896</row1>
								<row2>0.003428155899047223 -0.00889254734265713 0.9999545841431451</row2>
								<row3>-0.18754035234451294 0.0 1.19209286886246e-09</row3>
							</transform>
							<node>
								<identifier>Tail5</identifier>
								<transform>
									<row0>0.8977770228419307 -0.44030732010135676 0.011219675674493914</row0>
									<row1>0.44025617768216324 0.8978463043042924 0.006811215055301104</row1>
									<row2>-0.013072572966656842 -0.0011754209170586703 0.9999138594007482</row2>
									<row3>-0.16919852793216705 -7.629394360719743e-08 -1.19209286886246e-09</row3>
								</transform>
								<node>
									<identifier>Tail6</identifier>
									<transform>
										<row0>1.0 -0.0 -4.336808689942018e-19</row0>
										<row1>1.88079096131566e-37 1.0 4.336808689942018e-19</row1>
										<row2>4.336808689942018e-19 -4.336808689942018e-19 1.0</row2>
										<row3>-0.15215088427066803 -7.105427198782324e-17 8.940696516468449e-10</row3>
									</transform>
								</node>
							</node>
						</node>
					</node>
				</node>
			</node>
			<node>
				<identifier>Head</identifier>
				<transform>
					<row0>-0.8359294234934456 -0.548779806966982 -0.00791221801466019</row0>
					<row1>0.5488125659186996 -0.8359411744403499 -0.002645969715562507</row1>
					<row2>-0.005162094685225881 -0.006554169390962953 0.9999651972154108</row2>
					<row3>0.1405116617679596 0.02174987830221653 -0.0013447022065520287</row3>
				</transform>
				<node>
					<identifier>Head1</identifier>
					<transform>
						<row0>1.0 -5.551115123125783e-17 1.2805682070293756e-09</row0>
						<row1>5.551115123014711e-17 1.0 8.673618413859801e-19</row1>
						<row2>-1.2805682070293756e-09 -8.673617703001647e-19 1.0</row2>
						<row3>-0.1278824657201767 -3.0517577442878974e-07 -2.086162576020456e-09</row3>
					</transform>
					<node>
						<identifier>left_low_jaw</identifier>
						<transform>
							<row0>-0.4742427545635583 -0.7032808776146302 0.5296128934661278</row0>
							<row1>0.8325203427744152 -0.5539052463486029 0.009942682448081034</row1>
							<row2>0.2863628617868219 0.4456287527180993 0.8481811870939915</row2>
							<row3>0.0013975143665447831 -0.039104003459215164 0.010747389867901802</row3>
						</transform>
						<node>
							<identifier>left_low_jaw1</identifier>
							<transform>
								<row0>0.9999999999999981 -1.4901161193847628e-08 5.960464477539052e-08</row0>
								<row1>1.4901162082026073e-08 0.9999999999999998 -1.4901161193847628e-08</row1>
								<row2>-5.96046445533459e-08 1.4901162082026073e-08 0.9999999999999981</row2>
								<row3>0.19640304148197174 -1.5258788721439487e-07 5.340576194612368e-07</row3>
							</transform>
						</node>
					</node>
					<node>
						<identifier>right_low_jaw</identifier>
						<transform>
							<row0>0.4614588672441563 0.7032808744007442 0.5407880597275284</row0>
							<row1>-0.8325203338292263 0.5539052532643092 -0.00994304616680431</row1>
							<row2>-0.30653810138808807 -0.44562874919413165 0.8411001190637533</row2>
							<row3>0.0016357040731236339 -0.0391053780913353 -0.009257382713258266</row3>
						</transform>
						<node>
							<identifier>right_low_jaw1</identifier>
							<transform>
								<row0>1.0 2.7755575615628914e-17 5.551115123125783e-17</row0>
								<row1>-2.7755575615628914e-17 1.0 2.7755575615628914e-17</row1>
								<row2>-5.551115123125783e-17 -2.7755575615628914e-17 1.0</row2>
								<row3>-0.19640380144119263 1.4210854397564648e-16 -1.5258788721439487e-07</row3>
							</transform>
						</node>
					</node>
					<node>
						<identifier>left_up_jaw</identifier>
						<transform>
							<row0>-0.8951681955501841 -0.16526968967640118 0.41395631575045855</row0>
							<row1>0.1825302534930867 -0.9831977594936763 0.002180155287726947</row1>
							<row2>0.40664063282392915 0.07751116154395442 0.9102941368440541</row2>
							<row3>-0.05211956053972244 -0.023866577073931694 0.022337114438414574</row3>
						</transform>
						<node>
							<identifier>left_up_jaw1</identifier>
							<transform>
								<row0>0.7129298358792547 0.13226218739389647 -0.68864914411453</row0>
								<row1>-0.1264271162904799 0.9902022144965105 0.059293833344456405</row1>
								<row2>0.689744280722404 0.04479158522117849 0.7226662722890196</row2>
								<row3>0.07538635283708572 -1.983642505365424e-06 6.294250738392293e-07</row3>
							</transform>
							<node>
								<identifier>left_up_jaw2</identifier>
								<transform>
									<row0>0.9999999999999994 -2.9802325940408965e-08 -1.4901162970204496e-08</row0>
									<row1>2.9802325718364333e-08 0.9999999999999994 -1.4901161193847653e-08</row1>
									<row2>1.490116341429375e-08 1.4901160749758332e-08 0.9999999999999998</row2>
									<row3>0.08625900000333786 3.0517577442878974e-07 1.5258788721439487e-07</row3>
								</transform>
							</node>
						</node>
					</node>
					<node>
						<identifier>right_up_jaw</identifier>
						<transform>
							<row0>0.8850266385049976 0.16526974826635565 0.43521691079796004</row0>
							<row1>-0.1825302355962505 0.9831977633992056 -0.0021798923576206745</row1>
							<row2>-0.42826456355125764 -0.07751098245785623 0.9003229376148221</row2>
							<row3>-0.05158771574497223 -0.023864593356847763 -0.02212188020348549</row3>
						</transform>
						<node>
							<identifier>right_up_jaw1</identifier>
							<transform>
								<row0>0.7129298225168909 0.13226225942071862 -0.6886491441145302</row0>
								<row1>-0.12642713863025942 0.9902022067694318 0.05929391475280262</row1>
								<row2>0.6897442904391567 0.04479154335931401 0.7226662656095653</row2>
								<row3>-0.07538780570030212 3.0517577442878974e-07 3.814697180359872e-08</row3>
							</transform>
							<node>
								<identifier>right_up_jaw2</identifier>
								<transform>
									<row0>1.0 -5.551115123125783e-17 4.163336342344337e-17</row0>
									<row1>5.551115061087236e-17 0.9999999999999999 1.4901161193847655e-08</row1>
									<row2>-4.1633364250623977e-17 -1.4901161193847655e-08 0.9999999999999999</row2>
									<row3>-0.08625838905572891 -2.8421708795129297e-16 -3.814697180359872e-08</row3>
								</transform>
							</node>
						</node>
					</node>
					<node>
						<identifier>main_jaw</identifier>
						<transform>
							<row0>-0.10718563728685988 0.9939706721815125 -0.023098528144496762</row0>
							<row1>-0.9941364109467993 -0.10747942394490177 -0.01187307282420077</row1>
							<row2>-0.0142841026748765 0.021690464990508387 0.9996626871796651</row2>
							<row3>-0.04320636764168739 -0.013202514499425888 -0.0017628654604777694</row3>
						</transform>
						<node>
							<identifier>main_jaw1</identifier>
							<transform>
								<row0>1.0 1.6653345369377348e-16 -0.0</row0>
								<row1>-1.6653345369377348e-16 1.0 -1.734723475976807e-18</row1>
								<row2>-2.8888949165808538e-34 1.734723475976807e-18 1.0</row2>
								<row3>-0.029541015625 1.1444091541079615e-07 -4.76837147544984e-09</row3>
							</transform>
						</node>
					</node>
				</node>
			</node>
			<node>
				<identifier>left_back_leg</identifier>
				<transform>
					<row0>0.7877486314857471 0.1400718769098335 -0.599859853367437</row0>
					<row1>-0.17444601101883658 0.9846663810732946 0.0008409658954200011</row1>
					<row2>0.5907796618510719 0.10398069505478272 0.8001046220333047</row2>
					<row3>-0.06445785611867905 0.12075302004814148 0.03660973533987999</row3>
				</transform>
				<node>
					<identifier>left_back_leg1</identifier>
					<transform>
						<row0>0.5004652575296953 -0.5737807563508888 0.6483133267542307</row0>
						<row1>0.4725320276783034 0.8084973417407418 0.3507784645846795</row1>
						<row2>-0.7254295340168933 0.13079637624780038 0.6757546145876304</row2>
						<row3>-0.3832472264766693 0.0 7.152557657263969e-08</row3>
					</transform>
					<node>
						<identifier>left_back_leg2</identifier>
						<transform>
							<row0>0.9511949621750984 0.14853403475264376 -0.27049152527117676</row0>
							<row1>-0.14501765195563504 0.9888766758904822 0.033057533196906796</row1>
							<row2>0.2723929453872984 0.007781887293727183 0.962154626623694</row2>
							<row3>-0.3279966711997986 -3.0517577442878974e-07 0.01458044070750475</row3>
						</transform>
						<node>
							<identifier>left_back_leg3</identifier>
							<transform>
								<row0>0.9879379178337527 -0.01253467786290919 -0.15434232198973344</row0>
								<row1>0.012791372159473756 0.9999179624856294 0.0006701468983998759</row1>
								<row2>0.15432126005378294 -0.0026363136119759312 0.9880172055920646</row2>
								<row3>-0.2181299924850464 0.0 -0.01493404433131218</row3>
							</transform>
							<node>
								<identifier>left_back_leg4</identifier>
								<transform>
									<row0>0.6420228341626266 -0.7664670777475651 0.018300249804212427</row0>
									<row1>0.7549992008980387 0.6362082537185607 0.15879315017878604</row1>
									<row2>-0.1333524917544158 -0.08813215434498094 0.9871422573841122</row2>
									<row3>-0.20053313672542572 1.5258788721439487e-07 0.0</row3>
								</transform>
								<node>
									<identifier>left_back_leg5</identifier>
									<transform>
										<row0>0.7323353750204982 -0.6753519051650819 0.08709019855001032</row0>
										<row1>0.6709338570896622 0.7374930937963613 0.07714723594180137</row1>
										<row2>-0.11632995273950214 0.00193411286262897 0.9932087400456461</row2>
										<row3>-0.08986557275056839 7.629394360719743e-08 0.0</row3>
									</transform>
									<node>
										<identifier>left_back_leg6</identifier>
										<transform>
											<row0>0.9999999999999996 2.980232594040898e-08 -2.3283067140944524e-10</row0>
											<row1>-2.980232594040898e-08 0.9999999999999996 5.854693385782949e-18</row1>
											<row2>2.328306714094453e-10 1.0842021724856023e-18 1.0</row2>
											<row3>-0.053718872368335724 7.105427198782324e-17 -3.814697180359872e-08</row3>
										</transform>
									</node>
								</node>
							</node>
						</node>
					</node>
				</node>
			</node>
			<node>
				<identifier>right_back_leg</identifier>
				<transform>
					<row0>-0.793495816881493 -0.14007188955698333 -0.5922365533621026</row0>
					<row1>0.17444599760790763 -0.9846663833948041 -0.0008410295943653219</row1>
					<row2>-0.5830376552605616 -0.10398065603385329 0.8057636847854561</row2>
					<row3>-0.06479265540838242 0.12075332552194595 -0.0328129306435585</row3>
				</transform>
				<node>
					<identifier>right_back_leg1</identifier>
					<transform>
						<row0>0.5004651941523338 -0.5737808116301284 0.6483133267542307</row0>
						<row1>0.4725320665770198 0.8084972986348993 0.350778511537582</row1>
						<row2>-0.7254295524022425 0.1307964001994767 0.6757545902147766</row2>
						<row3>0.38324683904647827 -6.103515488575795e-07 -9.53674295089968e-09</row3>
					</transform>
					<node>
						<identifier>right_back_leg2</identifier>
						<transform>
							<row0>0.9511949630284294 0.14853407958937204 -0.27049149764936564</row0>
							<row1>-0.1450176875103226 0.9888766102095076 0.033057538934805585</row1>
							<row2>0.27239291887693423 0.007781887883084905 0.9621546341242031</row2>
							<row3>0.3280065059661865 7.629394644936838e-07 -0.014538688585162163</row3>
						</transform>
						<node>
							<identifier>right_back_leg3</identifier>
							<transform>
								<row0>0.9879379185898761 -0.012534618267858419 -0.15434232198973344</row0>
								<row1>0.012791312105411666 0.9999179632527331 0.0006701485864212733</row1>
								<row2>0.15432126019095824 -0.002636306011259603 0.9880172055909197</row2>
								<row3>0.21813228726387024 -9.155273232863692e-07 0.014891453087329865</row3>
							</transform>
							<node>
								<identifier>right_back_leg4</identifier>
								<transform>
									<row0>0.6420228014044914 -0.7664670270866164 0.018300263835452413</row0>
									<row1>0.7549991926730087 0.6362082598649025 0.15879316466012583</row1>
									<row2>-0.13335251179697308 -0.08813215325059473 0.9871422547742812</row2>
									<row3>0.20053191483020782 4.425048700795742e-06 -7.438659395120339e-07</row3>
								</transform>
								<node>
									<identifier>right_back_leg5</identifier>
									<transform>
										<row0>0.7323354319519635 -0.675351843095262 0.08709020114550044</row0>
										<row1>0.6709337554664906 0.7374931066849255 0.07714722391999854</row1>
										<row2>-0.11632994980246938 0.0019341102808176636 0.9932087403946749</row2>
										<row3>0.08986816555261612 -1.0681152389224735e-06 -2.288818308215923e-07</row3>
									</transform>
									<node>
										<identifier>right_back_leg6</identifier>
										<transform>
											<row0>0.9999999999999982 -5.960464477539052e-08 2.3283064365386963e-10</row0>
											<row1>5.960464477541762e-08 0.9999999999999982 -1.1641530794914701e-10</row1>
											<row2>-2.3283063671497614e-10 1.1641532182693461e-10 1.0</row2>
											<row3>0.053714752197265625 -2.365112322877394e-06 2.288818308215923e-07</row3>
										</transform>
									</node>
								</node>
							</node>
						</node>
					</node>
				</node>
			</node>
			<node>
				<identifier>left_mid_leg</identifier>
				<transform>
					<row0>0.4852671245098266 0.048554620835321916 -0.8730167619613627</row0>
					<row1>-0.09871278930937728 0.9951158519585701 0.00047582300439178175</row1>
					<row2>0.8687758704757763 0.08594701330308845 0.4876899410220081</row2>
					<row3>0.030246848240494728 0.12607376277446747 0.03978975489735603</row3>
				</transform>
				<node>
					<identifier>left_mid_leg1</identifier>
					<transform>
						<row0>0.3781970207855546 -0.8767265231014499 0.29718280091447685</row0>
						<row1>0.4386545822343265 0.45242129877351617 0.7764645039542462</row1>
						<row2>-0.815198853626377 -0.16329596475886243 0.5556844940608953</row2>
						<row3>-0.29617422819137573 -0.001490631140768528 -0.01449176762253046</row3>
					</transform>
					<node>
						<identifier>left_mid_leg2</identifier>
						<transform>
							<row0>0.9968987734573224 0.04703310793252488 0.0630920203211754</row0>
							<row1>-0.0465773905251308 0.9988769524571391 -0.008675328957548693</row1>
							<row2>-0.06342919644666484 0.005709763467928632 0.9979699476587381</row2>
							<row3>-0.1837024688720703 0.018787536770105362 0.004285850562155247</row3>
						</transform>
						<node>
							<identifier>left_mid_leg3</identifier>
							<transform>
								<row0>0.9475603340822246 0.19203885380310168 0.2554417583402793</row0>
								<row1>-0.19251849521366807 0.9810149216402625 -0.02337163474232064</row1>
								<row2>-0.25508045369323984 -0.027031230517109834 0.966541915656213</row2>
								<row3>-0.16643866896629333 -0.006913681048899889 0.0034346007741987705</row3>
							</transform>
							<node>
								<identifier>left_mid_leg4</identifier>
								<transform>
									<row0>0.801364777047678 0.25847098153110576 0.539450874328397</row0>
									<row1>-0.3352577680664207 0.9409437492327487 0.047190788525453074</row1>
									<row2>-0.49539550831591883 -0.2186721448680969 0.8406936323056088</row2>
									<row3>-0.0871097594499588 0.0 1.5258788721439487e-07</row3>
								</transform>
								<node>
									<identifier>left_mid_leg5</identifier>
									<transform>
										<row0>0.7960008917382165 0.3435608718093951 0.4983457712407444</row0>
										<row1>-0.5868891522800379 0.6395537647887214 0.496519994441907</row1>
										<row2>-0.1481340720022994 -0.6877040855674346 0.7107175158991625</row2>
										<row3>-0.0590132512152195 -1.5258788721439487e-07 -7.629394360719743e-08</row3>
									</transform>
									<node>
										<identifier>left_mid_leg6</identifier>
										<transform>
											<row0>0.9999999999999993 1.3877787807814448e-17 -3.7252902984619114e-08</row0>
											<row1>-1.3877788841790222e-17 1.0 -2.7755575615628895e-17</row1>
											<row2>3.7252902984619114e-08 2.7755576132616796e-17 0.9999999999999993</row2>
											<row3>-0.05846424028277397 1.5258788721439487e-07 0.0</row3>
										</transform>
									</node>
								</node>
							</node>
						</node>
					</node>
				</node>
			</node>
			<node>
				<identifier>right_mid_leg</identifier>
				<transform>
					<row0>-0.49366233611217464 -0.04855463365704325 -0.8682971527390267</row0>
					<row1>0.09871284424041264 -0.9951158464147318 -0.00047602128108986273</row1>
					<row2>-0.864033143048482 -0.08594707537038328 0.4960441794326784</row2>
					<row3>0.02987697534263134 0.12607422471046448 -0.036906011402606964</row3>
				</transform>
				<node>
					<identifier>right_mid_leg1</identifier>
					<transform>
						<row0>0.3781969784223757 -0.8767265535878411 0.2971827648874872</row0>
						<row1>0.43865468899068916 0.4524212626766648 0.7764644646759657</row1>
						<row2>-0.8151988158349267 -0.16329590108768385 0.5556845682123038</row2>
						<row3>0.29617276787757874 4.577636616431846e-07 3.0517577442878974e-07</row3>
					</transform>
					<node>
						<identifier>right_mid_leg2</identifier>
						<transform>
							<row0>0.9968987746274033 0.047033093086570034 0.06309201290025382</row0>
							<row1>-0.04657737563281088 0.9988769531434408 -0.008675329892878782</row1>
							<row2>-0.06342918899257494 0.0057097656957426236 0.9979699481197607</row2>
							<row3>0.18201583623886108 -0.006905517540872097 0.007830505259335041</row3>
						</transform>
						<node>
							<identifier>right_mid_leg3</identifier>
							<transform>
								<row0>0.9475603688251913 0.1920387295551799 0.2554417228698156</row0>
								<row1>-0.19251838728419096 0.9810150044716844 -0.023371597269233074</row1>
								<row2>-0.25508041475064575 -0.02703122920352381 0.9665419259703042</row2>
								<row3>0.1708425134420395 0.0067773438058793545 -0.008031273260712624</row3>
							</transform>
							<node>
								<identifier>right_mid_leg4</identifier>
								<transform>
									<row0>0.8013647683410425 0.25847100852520266 0.539450874328397</row0>
									<row1>-0.3352578464506974 0.9409437822360945 0.047190836657909616</row1>
									<row2>-0.4953954533491403 -0.2186721992455904 0.8406935796524263</row2>
									<row3>0.08710800111293793 6.866455350973411e-07 3.623962356869015e-07</row3>
								</transform>
								<node>
									<identifier>right_mid_leg5</identifier>
									<transform>
										<row0>0.7960009394393602 0.34356083686942 0.4983457191360628</row0>
										<row1>-0.5868890689898703 0.6395536954889125 0.4965200621096722</row1>
										<row2>-0.14813400707316812 -0.6877041320190003 0.7107174844848267</row2>
										<row3>0.059015046805143356 -1.8310546465727384e-06 -9.5367431640625e-07</row3>
									</transform>
									<node>
										<identifier>right_mid_leg6</identifier>
										<transform>
											<row0>0.9999999999999997 7.450580596923826e-09 2.607703208923339e-08</row0>
											<row1>-7.450580596923823e-09 1.0 -1.9428902930940232e-16</row1>
											<row2>-2.607703208923339e-08 7.395570986446986e-32 0.9999999999999997</row2>
											<row3>0.05846326798200607 -1.220703097715159e-06 -7.629394360719743e-08</row3>
										</transform>
									</node>
								</node>
							</node>
						</node>
					</node>
				</node>
			</node>
			<node>
				<identifier>left_mid2_leg</identifier>
				<transform>
					<row0>-0.04325256430912781 -0.6683273213826663 -0.7426087847407644</row0>
					<row1>0.9982311878350658 -0.059255496350429815 -0.0048127514346302065</row1>
					<row2>-0.04078716129032075 -0.7415034573265084 0.6697081679707305</row2>
					<row3>0.0696951299905777 0.09130996465682983 0.06279357522726059</row3>
				</transform>
				<node>
					<identifier>left_mid2_leg1</identifier>
					<transform>
						<row0>0.2709501659177472 0.25750341926185727 0.9275116589285072</row0>
						<row1>-0.18993894754387358 0.9589128602283444 -0.2107351956713003</row1>
						<row2>-0.9436679474494407 -0.11907185919694102 0.3087275454246731</row2>
						<row3>-0.24695105850696564 -1.5258788721439487e-07 2.8421708795129297e-16</row3>
					</transform>
					<node>
						<identifier>left_mid2_leg2</identifier>
						<transform>
							<row0>0.9697669170887494 0.1759576801557368 -0.169088797128592</row0>
							<row1>-0.16510453452443602 0.983316741221909 0.07634578647308782</row1>
							<row2>0.17970146173604692 -0.046120288088525765 0.9826393969647632</row2>
							<row3>-0.1540820300579071 -9.53674295089968e-09 -1.4210854397564648e-16</row3>
						</transform>
						<node>
							<identifier>left_mid2_leg3</identifier>
							<transform>
								<row0>0.9414828303687419 0.3217201789318197 0.10052963040288575</row0>
								<row1>-0.3304114493270651 0.9398552974324978 0.08660423801211546</row1>
								<row2>-0.06662097473357159 -0.1147525440073063 0.9911576561624291</row2>
								<row3>-0.12736724317073822 3.552713599391162e-17 5.7220457705398076e-08</row3>
							</transform>
							<node>
								<identifier>left_mid2_leg4</identifier>
								<transform>
									<row0>0.7682870513508006 0.6338496919654951 0.08927180693059415</row0>
									<row1>-0.6353665202113932 0.7382075434379617 0.2266252585343367</row1>
									<row2>0.0777452336550651 -0.23083358272218704 0.9698822277635355</row2>
									<row3>-0.0735556036233902 7.105427198782324e-17 3.814697180359872e-08</row3>
								</transform>
								<node>
									<identifier>left_mid2_leg5</identifier>
									<transform>
										<row0>0.8361718235341249 0.5448166843186406 -0.06317801845309018</row0>
										<row1>-0.5256190697194223 0.8289050396699059 0.19141846503699925</row1>
										<row2>0.15665654199348825 -0.12685114812114295 0.9794730189554506</row2>
										<row3>-0.042706605046987534 0.0 1.907348590179936e-08</row3>
									</transform>
									<node>
										<identifier>left_mid2_leg6</identifier>
										<transform>
											<row0>0.9999999999999994 -2.9802322387695296e-08 1.1175870895385744e-08</row0>
											<row1>2.9802322470962e-08 0.9999999999999996 -7.450578376477778e-09</row1>
											<row2>-1.11758706733412e-08 7.450578709544683e-09 0.9999999999999999</row2>
											<row3>-0.04095470532774925 -7.629394360719743e-08 -3.814697180359872e-08</row3>
										</transform>
									</node>
								</node>
							</node>
						</node>
					</node>
				</node>
			</node>
			<node>
				<identifier>right_mid2_leg</identifier>
				<transform>
					<row0>0.03609009751460412 0.6683272569971345 -0.7429913743887425</row0>
					<row1>-0.9982311874012545 0.05925550625384886 0.004812719480253495</row1>
					<row2>0.04724280445647296 0.7415035145666653 0.669283688216268</row2>
					<row3>0.069101482629776 0.09131164848804474 -0.06028909236192703</row3>
				</transform>
				<node>
					<identifier>right_mid2_leg1</identifier>
					<transform>
						<row0>0.2709501339241064 0.25750341570025626 0.9275117335264336</row0>
						<row1>-0.18993895849820802 0.9589128617623617 -0.21073517881771414</row1>
						<row2>-0.9436679028207736 -0.11907188064046054 0.30872748050230486</row2>
						<row3>0.24695198237895966 4.577636616431846e-07 1.220703097715159e-06</row3>
					</transform>
					<node>
						<identifier>right_mid2_leg2</identifier>
						<transform>
							<row0>0.9697669144712078 0.1759576945819626 -0.16908879712859198</row0>
							<row1>-0.16510454644351066 0.9833167380706275 0.0763458012848371</row1>
							<row2>0.17970146491082312 -0.046120300237249195 0.9826393958139702</row2>
							<row3>0.15407806634902954 6.67572024326546e-08 1.182556161438697e-06</row3>
						</transform>
						<node>
							<identifier>right_mid2_leg3</identifier>
							<transform>
								<row0>0.9414828317790908 0.32172017941375913 0.10052961565231919</row0>
								<row1>-0.33041144761507946 0.9398552987037436 0.08660423074772067</row1>
								<row2>-0.06662096329333571 -0.1147525322442842 0.991157658293267</row2>
								<row3>0.12737281620502472 -1.0299683026460116e-06 -6.294250738392293e-07</row3>
							</transform>
							<node>
								<identifier>right_mid2_leg4</identifier>
								<transform>
									<row0>0.7682870510525048 0.633849790069056 0.0892717806166066</row0>
									<row1>-0.6353665686214465 0.7382074928984695 0.2266252874389013</row1>
									<row2>0.07774529351191974 -0.23083357870545965 0.9698822239214284</row2>
									<row3>0.07355476170778275 4.1961669694501325e-07 3.814697180359872e-08</row3>
								</transform>
								<node>
									<identifier>right_mid2_leg5</identifier>
									<transform>
										<row0>0.8361718434649006 0.5448166584687084 -0.06317797758317929</row0>
										<row1>-0.5256190515574275 0.8289050543865811 0.1914184511802597</row1>
										<row2>0.1566564965484487 -0.12685116297908777 0.9794730242996653</row2>
										<row3>0.04270675778388977 -8.392333938900265e-07 1.23977656585339e-07</row3>
									</transform>
									<node>
										<identifier>right_mid2_leg6</identifier>
										<transform>
											<row0>1.0 -1.1102230246251565e-16 7.450580596923828e-09</row0>
											<row1>5.5511137996368026e-17 1.0 7.450582373280668e-09</row1>
											<row2>-7.45058059692383e-09 -7.450582373280668e-09 1.0</row2>
											<row3>0.04095424711704254 -9.155273232863692e-07 -3.0517577442878974e-07</row3>
										</transform>
									</node>
								</node>
							</node>
						</node>
					</node>
				</node>
			</node>
			<node>
				<identifier>left_forward_leg</identifier>
				<transform>
					<row0>-0.3944624257255764 0.8134061436264366 0.42751575525608054</row0>
					<row1>-0.898873205620811 -0.43818738197945467 0.00433341562266614</row1>
					<row2>0.19085684781694925 -0.3825731105453755 0.903997499293562</row2>
					<row3>0.11781856417655945 0.13098739087581635 0.029807696118950844</row3>
				</transform>
				<node>
					<identifier>left_forward_leg1</identifier>
					<transform>
						<row0>0.299401547605552 -0.22088049065962093 0.9282082320995465</row0>
						<row1>0.7888808099745717 -0.48989575515361894 -0.3710380259977801</row1>
						<row2>0.5366803340399797 0.8433350211679997 0.02757283312075848</row2>
						<row3>0.08150406181812286 5.7220457705398076e-08 5.340576194612368e-07</row3>
					</transform>
					<node>
						<identifier>left_forward_leg2</identifier>
						<transform>
							<row0>0.7600441518507944 -0.31971761346432526 -0.5657857676524594</row0>
							<row1>0.10050131802331991 0.9179639363981582 -0.3837208575878745</row1>
							<row2>0.6420532472567848 0.2347825783849276 0.7298251630177897</row2>
							<row3>0.03713695704936981 -5.798339770990424e-06 -1.640319851503591e-06</row3>
						</transform>
						<node>
							<identifier>left_forward_leg3</identifier>
							<transform>
								<row0>0.24149253423249786 0.8271146231311307 0.5075064099226861</row0>
								<row1>-0.7995097945561561 -0.1268123649129712 0.5871137822472459</row1>
								<row2>0.5499684827893111 -0.5475399406909335 0.630662003039113</row2>
								<row3>0.15526984632015228 -9.155273232863692e-07 -7.24792471373803e-07</row3>
							</transform>
							<node>
								<identifier>left_forward_leg4</identifier>
								<transform>
									<row0>0.985607661481485 0.023406236837152598 0.16742068482156397</row0>
									<row1>-0.02674303258568619 0.9994855049991606 0.017703567307402013</row1>
									<row2>-0.1669201837761449 -0.021926109710327536 0.985726583775191</row2>
									<row3>0.09203270077705383 1.6021728015402914e-06 -8.392333938900265e-07</row3>
								</transform>
								<node>
									<identifier>left_forward_leg5</identifier>
									<transform>
										<row0>0.9910753844749984 -0.10615814347995872 -0.08062276887221487</row0>
										<row1>0.0986166231511312 0.9908281808008962 -0.09238050963146013</row1>
										<row2>0.08969025480899603 0.08360530388572368 0.9924543778658982</row2>
										<row3>0.05086258053779602 -0.005765838548541069 -0.0045980834402143955</row3>
									</transform>
									<node>
										<identifier>left_forward_leg6</identifier>
										<transform>
											<row0>0.4069607751824489 0.8794060033000679 0.2470382351244749</row0>
											<row1>-0.7718433273469236 0.18642504734946377 0.6078680611372668</row1>
											<row2>0.4885087366156666 -0.4380532968594718 0.7546313824382821</row2>
											<row3>0.06704826653003693 0.005221023689955473 0.004986724816262722</row3>
										</transform>
										<node>
											<identifier>left_forward_leg7</identifier>
											<transform>
												<row0>0.9999999999999999 5.551115123125782e-17 -1.4901161193847655e-08</row0>
												<row1>-7.21644966006351e-16 0.999999999999999 -4.470348358154292e-08</row1>
												<row2>1.4901161193847638e-08 4.470348358154293e-08 0.9999999999999989</row2>
												<row3>0.028888167813420296 -2.441406195430318e-06 -1.678466787780053e-06</row3>
											</transform>
										</node>
									</node>
								</node>
							</node>
						</node>
					</node>
				</node>
			</node>
			<node>
				<identifier>right_forward_leg</identifier>
				<transform>
					<row0>0.39856623822197934 -0.8134062726834199 0.4236923285933395</row0>
					<row1>0.8988731814737202 0.4381872913749001 -0.0043338315097614195</row1>
					<row2>-0.18213143896372633 0.382573013093766 0.9057957985072351</row2>
					<row3>0.11754196137189865 0.13098418712615967 -0.027768824249505997</row3>
				</transform>
				<node>
					<identifier>right_forward_leg1</identifier>
					<transform>
						<row0>0.2994015547242886 -0.22088048101023622 0.9282082320995465</row0>
						<row1>0.788880810193459 -0.48989575419529185 -0.37103802679771</row1>
						<row2>0.5366803297468529 0.843335024251995 0.02757282235637779</row2>
						<row3>-0.08150451630353928 0.0 0.0</row3>
					</transform>
					<node>
						<identifier>right_forward_leg2</identifier>
						<transform>
							<row0>0.76004414119909 -0.3197176387859369 -0.5657857676524594</row0>
							<row1>0.10050137020500954 0.9179639409479996 -0.3837208330363797</row1>
							<row2>0.6420532516979048 0.23478252611376935 0.7298251759262515</row2>
							<row3>-0.03713657334446907 6.103515488575795e-07 7.105427198782324e-17</row3>
						</transform>
						<node>
							<identifier>right_forward_leg3</identifier>
							<transform>
								<row0>0.2414925827295962 0.8271146361243042 0.5075063656699776</row0>
								<row1>-0.7995099216888923 -0.12681222245639787 0.5871137414136127</row1>
								<row2>0.5499683787342783 -0.5475399884434278 0.6306621468328035</row2>
								<row3>-0.15526916086673737 3.0517577442878974e-07 3.814697180359872e-08</row3>
							</transform>
							<node>
								<identifier>right_forward_leg4</identifier>
								<transform>
									<row0>0.985607665072921 0.02340629280179554 0.16742065585459115</row0>
									<row1>-0.0267430871233277 0.9994855037032507 0.017703558085512366</row1>
									<row2>-0.166920153832188 -0.021926109040806607 0.9857265888607091</row2>
									<row3>-0.09203086793422699 -1.5258788721439487e-07 0.0</row3>
								</transform>
								<node>
									<identifier>right_forward_leg5</identifier>
									<transform>
										<row0>0.9910753854576918 -0.10615812868405801 -0.0806227762743664</row0>
										<row1>0.09861660573790351 0.9908281804731217 -0.09238053173570542</row1>
										<row2>0.08969026309652275 0.08360532655740636 0.992454375207052</row2>
										<row3>-0.05020156875252724 0.0 -7.629394360719743e-08</row3>
									</transform>
									<node>
										<identifier>right_forward_leg6</identifier>
										<transform>
											<row0>0.40696071561699004 0.8794060725804259 0.24703832790313732</row0>
											<row1>-0.7718434212548309 0.1864250182433828 0.6078678527684337</row1>
											<row2>0.48850855626482764 -0.4380532445530352 0.7546314505659876</row2>
											<row3>-0.06868789345026016 -2.8421708795129297e-16 -7.629394360719743e-08</row3>
										</transform>
										<node>
											<identifier>right_forward_leg7</identifier>
											<transform>
												<row0>0.9999999999999986 2.980232238769527e-08 4.470348358154293e-08</row0>
												<row1>-2.980232238769524e-08 0.9999999999999996 -1.3600232051658154e-15</row1>
												<row2>-4.470348358154295e-08 2.7755575615630097e-17 0.999999999999999</row2>
												<row3>-0.028884276747703552 0.0 -1.4210854397564648e-16</row3>
											</transform>
										</node>
									</node>
								</node>
							</node>
						</node>
					</node>
				</node>
			</node>
			<node>
				<identifier>left_coat1</identifier>
				<transform>
					<row0>0.1031322755778821 0.9631892241977558 -0.24825441007855864</row0>
					<row1>-0.9941734278378391 0.10768520819301862 0.004792922730561721</row1>
					<row2>0.031349819360634135 0.24631363281578944 0.9686829532441759</row2>
					<row3>0.06216800585389137 -0.10114730894565582 0.06128572300076485</row3>
				</transform>
				<node>
					<identifier>left_coat2</identifier>
					<transform>
						<row0>0.9314415014936406 -0.23345433555452644 -0.2791338089461417</row0>
						<row1>0.26137485620029877 0.9629203084594652 0.06684058724010213</row1>
						<row2>0.25317940362034025 -0.1352166641731181 0.9579230884117698</row2>
						<row3>-0.24128051102161407 -7.629394360719743e-08 -7.105427198782324e-17</row3>
					</transform>
					<node>
						<identifier>left_coat3</identifier>
						<transform>
							<row0>0.9781668983250479 -0.06502201843250265 -0.19738676989816872</row0>
							<row1>0.07498767821133391 0.996238146566562 0.0434327461956382</row1>
							<row2>0.19382015652898665 -0.05728605363073981 0.9793630863895653</row2>
							<row3>-0.23782500624656677 -7.629394360719743e-08 7.629394360719743e-08</row3>
						</transform>
						<node>
							<identifier>left_coat4</identifier>
							<transform>
								<row0>1.0 -1.1102230246251565e-16 -0.0</row0>
								<row1>1.1102230246251565e-16 1.0 -0.0</row1>
								<row2>0.0 0.0 1.0</row2>
								<row3>-0.20099028944969177 -7.629394360719743e-08 -1.5258788721439487e-07</row3>
							</transform>
						</node>
					</node>
				</node>
			</node>
			<node>
				<identifier>right_coat1</identifier>
				<transform>
					<row0>-0.1055209631548735 -0.9631892991836656 -0.2472482563597708</row0>
					<row1>0.9941735105219097 -0.10768498386114539 -0.004793248101973422</row1>
					<row2>-0.022008119215645043 -0.24631345515197495 0.968940310080908</row2>
					<row3>0.06158886104822159 -0.10114486515522003 -0.05870877206325531</row3>
				</transform>
				<node>
					<identifier>right_coat2</identifier>
					<transform>
						<row0>0.9314415092421487 -0.2334543374965945 -0.27913378146589224</row0>
						<row1>0.26137486218346156 0.9629203047381109 0.06684061745406207</row1>
						<row2>0.2531793689369032 -0.13521668732102735 0.9579230943111452</row2>
						<row3>0.24128173291683197 3.4332276754867053e-07 2.670288097306184e-07</row3>
					</transform>
					<node>
						<identifier>right_coat3</identifier>
						<transform>
							<row0>0.9781669775121261 -0.06502202020787118 -0.19738667886379463</row0>
							<row1>0.07498766982121172 0.996238147226052 0.04343274555434021</row1>
							<row2>0.1938200428266774 -0.057286041131171646 0.9793630487622538</row2>
							<row3>0.2378259301185608 2.288818308215923e-07 1.5258788721439487e-07</row3>
						</transform>
						<node>
							<identifier>right_coat4</identifier>
							<transform>
								<row0>1.0 -0.0 -1.6653345369377348e-16</row0>
								<row1>-4.963083675318164e-24 0.9999999999999996 -2.98023223876953e-08</row1>
								<row2>1.665334536937734e-16 2.98023223876953e-08 0.9999999999999996</row2>
								<row3>0.20099212229251862 2.059936605292023e-06 1.2969970839549205e-06</row3>
							</transform>
						</node>
					</node>
				</node>
			</node>
			<node>
				<identifier>left_down_wing</identifier>
				<transform>
					<row0>0.28336099953416344 -0.006565405807022149 -0.9589907821143554</row0>
					<row1>0.02279181174414318 0.9997402268790518 -0.00010989650371623991</row1>
					<row2>0.9587424407465713 -0.02182599828811155 0.2834370443503014</row2>
					<row3>0.03154941648244858 -0.11933410912752151 0.04687833786010742</row3>
				</transform>
				<node>
					<identifier>left_down_wing1</identifier>
					<transform>
						<row0>0.9538188893142793 0.08591738507692659 -0.2878326078114355</row0>
						<row1>-0.2880411777421277 -0.010229031110110939 -0.9575633905112895</row1>
						<row2>-0.08521559125793343 0.9962496929320875 0.014991101693874617</row2>
						<row3>-0.36358511447906494 -6.103515488575795e-07 -7.105427198782324e-17</row3>
					</transform>
					<node>
						<identifier>left_down_wing2</identifier>
						<transform>
							<row0>0.9791750637027694 0.1207604970904501 0.163196498017405</row0>
							<row1>-0.03777285076735097 0.8981843701470773 -0.43799320653225376</row1>
							<row2>-0.1994728211250468 0.422707628942234 0.884041206090785</row2>
							<row3>-0.3377821743488312 -1.907348590179936e-08 0.0</row3>
						</transform>
						<node>
							<identifier>left_down_wing3</identifier>
							<transform>
								<row0>1.0 -3.725290298461914e-09 -0.0</row0>
								<row1>3.7252902984619136e-09 0.9999999999999999 1.4901161193847655e-08</row1>
								<row2>-5.551115123125782e-17 -1.4901161193847655e-08 0.9999999999999999</row2>
								<row3>-0.31375738978385925 -7.629394360719743e-08 6.103515488575795e-07</row3>
							</transform>
						</node>
					</node>
				</node>
			</node>
			<node>
				<identifier>right_down_wing7</identifier>
				<transform>
					<row0>-0.29259477391176747 0.006565405615914223 -0.9562139895068573</row0>
					<row1>-0.022791921704660108 -0.9997402243707557 0.00010990959743731278</row1>
					<row2>-0.9559648668149527 0.02182611335555388 0.2926684031310182</row2>
					<row3>0.031028900295495987 -0.11933090537786484 -0.06094103306531906</row3>
				</transform>
				<node>
					<identifier>right_down_wing7_1</identifier>
					<transform>
