<Root>
	<matrixlayout>column major</matrixlayout>
	<system />
	<node>
		<identifier>Scene Root</identifier>
		<transform>
			<row0>1.0 0.0 0.0</row0>
			<row1>0.0 1.0 0.0</row1>
			<row2>0.0 0.0 1.0</row2>
			<row3>0.0 0.0 0.0</row3>
		</transform>
		<node>
			<identifier>Root</identifier>
			<transform>
				<row0>-1.0 -1.2246467991473532e-16 -1.2246468525851679e-16</row0>
				<row1>-1.2246467991473535e-16 1.0 1.2246467991473532e-16</row1>
				<row2>1.2246468525851676e-16 1.2246467991473535e-16 -1.0</row2>
				<row3>0.0 0.0 0.0</row3>
			</transform>
			<node>
				<identifier>Bone002</identifier>
				<transform>
					<row0>3.1391647332140566e-07 -0.9999999999999507 -0.0</row0>
					<row1>-2.7368594140412435e-07 -8.591452552323583e-14 -0.9999999999999626</row1>
					<row2>0.9999999999999133 3.139164733213939e-07 -2.7368594140413785e-07</row2>
					<row3>0.0 1.0 0.0</row3>
				</transform>
				<node>
					<identifier>Bone009</identifier>
					<transform>
						<row0>0.9999998659181932 1.475988376217982e-08 0.0005178451461069356</row0>
						<row1>-4.4638146443968355e-08 0.9999999983355109 5.769728063652252e-05</row1>
						<row2>-0.0005178451443933828 -5.7697296016014354e-05 0.999999864253705</row2>
						<row3>-2.7660999298095703 -3.8828284337766306e-11 0.00013730631326325238</row3>
					</transform>
					<node>
						<identifier>Bone010</identifier>
						<transform>
							<row0>0.9999857493378389 -4.909659853353887e-07 -0.005338644116230911</row0>
							<row1>2.484478462894402e-07 0.9999999989681366 -4.542757932643044e-05</row1>
							<row2>0.005338644133025556 4.542560557871188e-05 0.9999857483061122</row2>
							<row3>-3.475219964981079 6.617349299631314e-07 0.0008060987456701696</row3>
						</transform>
					</node>
				</node>
				<node>
					<identifier>Bone005</identifier>
					<transform>
						<row0>0.7822633821734196 -0.30753499300724835 -0.5417454534522432</row0>
						<row1>-0.008734604036109594 0.8641457259747491 -0.5031658483759666</row1>
						<row2>-0.6228875297969583 -0.3983397704826013 -0.6733027197890353</row2>
						<row3>-0.356699675321579 0.10215292870998383 0.24307912588119507</row3>
					</transform>
					<node>
						<identifier>Bone006</identifier>
						<transform>
							<row0>0.712865452609773 -0.021821855910055806 -0.7009612350765941</row0>
							<row1>0.01744525856525403 0.9997582595671881 -0.01338227860934994</row1>
							<row2>-0.7010838105598038 0.002688685892326667 -0.7130738121254472</row2>
							<row3>-1.397508144378662 4.95910626341356e-07 2.212524350397871e-06</row3>
						</transform>
					</node>
				</node>
				<node>
					<identifier>Bone007</identifier>
					<transform>
						<row0>0.790692131496537 0.6121670455905645 0.007580335242113711</row0>
						<row1>-0.02138693216325837 0.015245445269954652 0.9996549686376189</row1>
						<row2>-0.6118396796783785 0.7905806840715233 -0.025146804710855845</row2>
						<row3>-0.32093992829322815 -0.2980149984359741 0.004062248859554529</row3>
					</transform>
					<node>
						<identifier>Bone008</identifier>
						<transform>
							<row0>0.7194550851928962 -0.02086776224894098 -0.6942267815622978</row0>
							<row1>-0.006624195921185272 0.9992968454915667 -0.03690278322451401</row1>
							<row2>0.6945080904390396 0.031148561414467965 0.718810322294086</row2>
							<row3>-1.397507667541504 4.1961669694501325e-07 3.395080511836568e-06</row3>
						</transform>
					</node>
				</node>
				<node>
					<identifier>Bone003</identifier>
					<transform>
						<row0>0.7822620749011008 -0.3075348389785198 0.5417456681745415</row0>
						<row1>0.06236010702891215 0.9039366878767862 0.4230953572915782</row1>
						<row2>-0.6198203105943447 -0.2971881165123255 0.7262932512210895</row2>
						<row3>-0.3144799768924713 0.08857546001672745 -0.19182884693145752</row3>
					</transform>
					<node>
						<identifier>Bone004</identifier>
						<transform>
							<row0>0.7254264949006172 0.06577369569148958 -0.6851497803044879</row0>
							<row1>-0.1188343833499547 0.9924441060942809 -0.03054645008114173</row1>
							<row2>0.6779636679331023 0.10357854968509705 0.727761382458935</row2>
							<row3>-1.3975104093551636 -9.536743306171047e-08 8.392333938900265e-07</row3>
						</transform>
					</node>
				</node>
			</node>
		</node>
	</node>
	<anim>
		<name>idle1</name>
		<res>/idle1.anim</res>
		<durationMS>2000</durationMS>
		<_ModifyTime>1725269094</_ModifyTime>
		<motion>
			<trans />
		</motion>
	</anim>
	<anim>
		<name>die</name>
		<res>/die.anim</res>
		<durationMS>2000</durationMS>
		<_ModifyTime>1725269099</_ModifyTime>
		<motion>
			<trans />
		</motion>
	</anim>
	<anim>
		<name>walk</name>
		<res>/walk.anim</res>
		<durationMS>2000</durationMS>
		<_ModifyTime>1725269102</_ModifyTime>
		<motion>
			<trans />
		</motion>
	</anim>
</Root>